1000GDAI6 1000GMAN5 1000GESA3 1000GMEN3 HGDPDIN4 HGDPMBU5 HGDPFRE4 HGDPPAPe HGDPYOR4 HGDPKAR5 HGDPJUH5 HGDPMAN4 HGDPDAI5 KSP062 KSP063 KSP065 KSP067 KSP069 KSP092 KSP096 KSP103 KSP105 KSP106 KSP111 KSP116 KSP124 KSP134 KSP137 KSP139 KSP140 KSP146 KSP150 KSP152 KSP154 KSP155 KSP224 KSP225 KSP228 1000GCEU1 1000GCEU2 1000GLUH3 PNP000 PNP001 PNP002 PNP003 PNP004 PNP005 PNP006 PNP010 PNP011 PNP012 PNP013 PNP014 PNP020 PNP021 PNP022 PNP023 PNP024 PNP030 PNP031 PNP032 PNP033 PNP034 PNP040 PNP041 PNP042 PNP043 PNP044 PNP050 PNP051 PNP052 PNP053 PNP054 PNP060 PNP062 PNP063 PNP064 PNP065 PNP066 PNP070 PNP071 PNP072 PNP073 PNP074 PNP080 PNP081 PNP082 PNP083 PNP084 HGDPKAR4 SAHGPCOL1 SAHGPCOL2 SAHGPCOL3 SAHGPCOL4 SAHGPCOL5 SAHGPCOL6 SAHGPCOL7 SAHGPCOL8 SAHGPZUL1 SAHGPSOT1 SAHGPSOT2 SAHGPSOT3 SAHGPSOT4 SAHGPSOT5 SAHGPSOT6 SAHGPSOT7 SAHGPXHO1 SAHGPXHO2 SAHGPXHO3 SAHGPXHO4 SAHGPXHO5 SAHGPXHO6 SAHGPXHO7 SAHGPXHO8 SGDPLEM2 SGDPLEM1 SGDPIGB2 SGDPIGB1 SGDPKON2 SGDPFRE1 SGDPMBU3 SGDPJUH3 SGDPBantuK2 SGDPFRE2 SGDPMBU2 SGDPPAP01 SGDPDai3 SGDPMAN1 SGDPBantuH2 SGDPMAN2 SGDPBIA1 SGDPKAR1 SGDPMOZ1 SGDPBIA2 SGDPKAR2 SGDPMOZ2 SGDPYOR2 SGDPESA1 SGDPYOR1 SGDPESA2 SGDPSOM1 SGDPLUH2 SGDPLUO2 SGDPLUH1 SGDPGAM1 SGDPMEN1 SGDPGAM2 SGDPMEN2 SGDPBantuK1 SGDPDai2 SGDPPAP10 SGDPDIN2 SGDPPAP6 SGDPPAP13 SGDPBantuH1 SGDPMAS2 SGDPBantuT2 SGDPMAS1 SGDPBantuT1 SGDPPAP12 SGDPJUH1 SGDPDIN1 SGDPMBU1 SGDPKHO2 SGDPDai1 SGDPSAH1 SGDPSAH2 SGDPKHO1 SGDPLUO1 SGDPDai4 SGDPFRE3 SGDPMAN3 SGDPMBU4 SGDPJUH4 SGDPYOR3 SGDPKAR3 SGDPDIN3 
1000GDAI6 0 0.0372897 0.037552 0.0383299 0.0367793 0.0411067 0.0299946 0.0300869 0.0376341 0.0274677 0.0422595 0.0376488 0.0254482 0.0416545 0.0419771 0.0408856 0.0413446 0.0420744 0.0416056 0.0414449 0.0425421 0.042414 0.0423573 0.0423861 0.0423122 0.0406304 0.0405722 0.0404654 0.0407299 0.0406539 0.041329 0.0416036 0.0415374 0.0415336 0.0414343 0.041587 0.0418349 0.0414904 0.0310884 0.0309932 0.0375309 0.0403956 0.0402961 0.0405012 0.0402845 0.0401971 0.0404555 0.0402871 0.037834 0.0379653 0.0380092 0.0380385 0.0374365 0.0404216 0.0406353 0.0405188 0.040612 0.040629 0.0380349 0.0380975 0.0380418 0.0382377 0.0380142 0.0403743 0.0402936 0.0400569 0.0401037 0.0401619 0.0372459 0.0372338 0.0371818 0.0371296 0.0370468 0.0396993 0.0394119 0.039861 0.0392836 0.0399639 0.0398008 0.041133 0.0404357 0.0408031 0.0410075 0.0412576 0.0379011 0.037678 0.0377676 0.0379048 0.0378429 0.0275015 0.0317014 0.0332633 0.0318735 0.0312072 0.0320697 0.0334188 0.0344397 0.0332123 0.0383006 0.0393348 0.0391498 0.0389746 0.0389511 0.039086 0.0389317 0.0393459 0.0383551 0.0386021 0.0386734 0.0383352 0.0385577 0.0387132 0.0382501 0.0359045 0.0379338 0.0379686 0.0378539 0.0380176 0.0379883 0.030293 0.0413291 0.0425005 0.0376037 0.030011 0.0413077 0.0298693 0.0255291 0.0378843 0.0383886 0.0376458 0.0404504 0.0277475 0.0319335 0.0407942 0.0276582 0.0324969 0.0377937 0.0376922 0.0378546 0.0379541 0.0347551 0.0375843 0.0376577 0.037683 0.0381029 0.0385076 0.0376126 0.0384089 0.0374858 0.0253541 0.0298308 0.0372384 0.0300287 0.0300201 0.0381622 0.0359391 0.0386216 0.0361338 0.0394631 0.0300165 0.0426306 0.037263 0.0414421 0.0426698 0.0256044 0.0318498 0.0320907 0.0427926 0.0376364 0.0252629 0.0300751 0.03772 0.0412127 0.0425459 0.0379314 0.0276104 0.0372032 
1000GMAN5 0.0372897 0 0.036432 0.0371611 0.0371217 0.0411421 0.0371182 0.0382158 0.0366058 0.0371738 0.0429025 0.0363687 0.0372367 0.0426709 0.0421603 0.0416063 0.042345 0.0421192 0.0417917 0.041819 0.0430387 0.0429992 0.0429749 0.042953 0.0429319 0.0417369 0.0417345 0.0416183 0.0418619 0.0417706 0.0415984 0.0419535 0.0417241 0.0418226 0.0416158 0.0417326 0.0422052 0.0417752 0.0381683 0.0381197 0.0370325 0.0398885 0.0398664 0.0398021 0.0396612 0.0396896 0.0398398 0.0398604 0.036896 0.0370893 0.0371966 0.0370102 0.0369595 0.0400542 0.040303 0.0400644 0.040238 0.0401625 0.0372649 0.0372654 0.0371447 0.0371925 0.0370412 0.0400489 0.0398625 0.0394653 0.039746 0.039484 0.0369648 0.0370364 0.0371965 0.0370639 0.0370713 0.0397607 0.0393669 0.0399251 0.0393017 0.0399236 0.0395545 0.0410256 0.0403977 0.040697 0.041058 0.0411992 0.0371176 0.0369943 0.037001 0.0370002 0.037063 0.037158 0.0374445 0.038074 0.0371041 0.0374462 0.0377075 0.0377987 0.0385889 0.0379276 0.0379327 0.0385708 0.0386535 0.0383564 0.0385609 0.0385427 0.038316 0.0387855 0.0378787 0.0382974 0.0382755 0.0379159 0.0379581 0.037978 0.0379293 0.0374928 0.0370585 0.0369191 0.0366906 0.0370425 0.0371102 0.0374647 0.0412871 0.0430707 0.0372238 0.0371816 0.0413419 0.0381867 0.0374979 0.0365243 0.0377447 0.0363564 0.040099 0.0374035 0.0369419 0.0403974 0.0374445 0.0368093 0.0366501 0.0367163 0.0367636 0.0369128 0.0377258 0.0371505 0.0371894 0.0370723 0.0366503 0.0372875 0.0364136 0.0371449 0.0372521 0.0374494 0.038321 0.0373009 0.0383315 0.0382843 0.0375051 0.0375736 0.0382034 0.0375372 0.0389129 0.0383082 0.0431293 0.0374008 0.0416415 0.0430551 0.0374771 0.0371348 0.0369499 0.0435792 0.0372923 0.0374315 0.0371928 0.0364799 0.0412426 0.0431236 0.0368703 0.0373308 0.0372244 
1000GESA3 0.037552 0.036432 0 0.0369828 0.0370669 0.0409369 0.037441 0.0385585 0.0362106 0.0375246 0.0427868 0.036516 0.0374707 0.0425658 0.0419415 0.0414042 0.0422139 0.0420106 0.041459 0.0415144 0.0428322 0.0427587 0.0427329 0.0427622 0.0426921 0.0415561 0.0415124 0.0415387 0.0417477 0.0417002 0.0413919 0.0417222 0.0415158 0.0415693 0.0414916 0.0415872 0.041972 0.0414881 0.0385075 0.0384979 0.0368543 0.0396288 0.0396504 0.0397148 0.0395497 0.0394889 0.0396265 0.0396595 0.0365923 0.0367799 0.036927 0.0368164 0.0368004 0.0398041 0.0400305 0.0397959 0.0397956 0.0399123 0.0369639 0.0369507 0.0369046 0.0369677 0.0367781 0.0396307 0.039619 0.0391464 0.039331 0.0393532 0.0366996 0.0368533 0.0371071 0.0366711 0.0368493 0.0397012 0.0391495 0.0397721 0.039128 0.0397362 0.0394994 0.0409989 0.0401428 0.0403977 0.0407955 0.0410833 0.0367308 0.0367969 0.0366605 0.0367592 0.0365768 0.0375014 0.03757 0.0382058 0.0373243 0.0377618 0.0379573 0.0378244 0.0385813 0.0380819 0.0376769 0.0383503 0.0382803 0.0379978 0.0382806 0.0382252 0.0381656 0.0384191 0.0375466 0.0381328 0.0380134 0.0377622 0.0378183 0.0379159 0.0375633 0.0374225 0.0366837 0.0365752 0.0365975 0.0366016 0.0368447 0.0377549 0.0411501 0.0429131 0.0369188 0.0375624 0.0411755 0.038625 0.0378002 0.036734 0.0372654 0.0366902 0.0399056 0.0376475 0.0373629 0.0400593 0.0377402 0.037161 0.0361928 0.0362218 0.0363432 0.0364119 0.0379296 0.0369882 0.0370223 0.0368662 0.0370357 0.0373285 0.0367476 0.037197 0.036874 0.037732 0.038684 0.0373813 0.0387474 0.0387003 0.0371028 0.0376244 0.037799 0.0375616 0.0386183 0.0386624 0.0429955 0.0374661 0.0413863 0.0427756 0.0378943 0.0372972 0.0371931 0.0433649 0.0372006 0.037737 0.0377638 0.0367197 0.0409237 0.0429285 0.0362643 0.0377035 0.0373288 
1000GMEN3 0.0383299 0.0371611 0.0369828 0 0.0377902 0.0414822 0.0382246 0.03933 0.0372885 0.0382814 0.0432577 0.0371673 0.0383232 0.0431398 0.0424146 0.0419719 0.0427871 0.0425319 0.0422572 0.042193 0.0433699 0.0433508 0.0432976 0.0432847 0.0432219 0.0421419 0.0421823 0.0421187 0.0422633 0.0422663 0.0419305 0.0423212 0.0420644 0.0422586 0.0420696 0.0420784 0.0425022 0.0421987 0.0392208 0.0392091 0.0375989 0.0403497 0.0402865 0.0402489 0.0402556 0.0401253 0.0402268 0.0403104 0.0376791 0.0375863 0.0376982 0.0378057 0.0375308 0.040506 0.0405904 0.0406398 0.0406328 0.0406126 0.0377635 0.037877 0.0377756 0.0377626 0.0376834 0.0403544 0.0403473 0.0400314 0.040136 0.0400672 0.0375556 0.0375322 0.0377513 0.0376231 0.0378706 0.040143 0.039847 0.040461 0.0397659 0.0403633 0.0401684 0.0415656 0.0407451 0.0411292 0.0413605 0.0415903 0.0377577 0.0373988 0.0375838 0.037646 0.0376507 0.0382519 0.0384459 0.0389447 0.0380679 0.0383593 0.0385386 0.038624 0.0393537 0.0387973 0.0383448 0.0392437 0.0392795 0.0387549 0.0390051 0.039143 0.0389049 0.0392285 0.0383377 0.0387484 0.0389118 0.038565 0.0384797 0.0385601 0.0384905 0.0380896 0.0376955 0.0375732 0.0375699 0.0377181 0.0376397 0.0385228 0.0417377 0.0433594 0.0378959 0.0382432 0.0415775 0.0393388 0.0384791 0.0374407 0.038252 0.0372318 0.0404175 0.0385449 0.0379874 0.0409366 0.0384875 0.0378546 0.037433 0.0373053 0.0373926 0.037418 0.038465 0.0377696 0.0377515 0.0377383 0.0376536 0.0378181 0.0372593 0.0375502 0.0377971 0.0384949 0.0393891 0.0380999 0.0394988 0.0393436 0.0381188 0.0383496 0.0385844 0.0383507 0.0394357 0.0394439 0.0434968 0.0381305 0.0420176 0.0433062 0.0385523 0.0380501 0.0380161 0.043895 0.0379431 0.0385114 0.0383056 0.0371717 0.0415615 0.0434402 0.0371881 0.0384678 0.0379678 
HGDPDIN4 0.0367793 0.0371217 0.0370669 0.0377902 0 0.0402239 0.0360731 0.037231 0.0366362 0.0362621 0.0421566 0.0367588 0.0362311 0.0424538 0.0419408 0.0412559 0.0421259 0.0420728 0.0416376 0.0415741 0.042755 0.0425746 0.0425238 0.042638 0.0425042 0.0411892 0.0411548 0.0411016 0.0412996 0.0412993 0.0414216 0.0417717 0.0414842 0.0416 0.0414531 0.0415983 0.0419136 0.0415187 0.0371089 0.0371483 0.03714 0.0399675 0.0398587 0.0398556 0.0397631 0.039785 0.0398448 0.0398922 0.0372733 0.0373655 0.0374898 0.0374692 0.0372412 0.0400513 0.0401874 0.0402052 0.0400789 0.0401764 0.0374845 0.0375832 0.0374916 0.037583 0.0374236 0.0398421 0.0398584 0.0395133 0.0397023 0.039456 0.0370321 0.0370497 0.0371401 0.0368536 0.03701 0.0394658 0.0391099 0.0395569 0.0391075 0.0397254 0.0394244 0.0406589 0.0400316 0.0402104 0.040539 0.0408755 0.0372118 0.0371778 0.0371885 0.0373566 0.037287 0.0364233 0.0369063 0.0375886 0.0366262 0.0368776 0.0372802 0.0372805 0.0379435 0.0374383 0.0378992 0.0387182 0.0388021 0.0383532 0.0384545 0.0385981 0.0384495 0.0389446 0.0378668 0.0383617 0.0383214 0.0381714 0.0381705 0.0381978 0.0379979 0.037276 0.0371396 0.0372275 0.0371682 0.0373287 0.037297 0.0367258 0.0406935 0.0427418 0.037009 0.0365494 0.0407246 0.0375956 0.0367122 0.0372392 0.0377514 0.0371598 0.0399694 0.0367322 0.0364746 0.0403009 0.03672 0.0364021 0.0371126 0.036988 0.0370024 0.0372416 0.0363568 0.0369101 0.0368479 0.0369418 0.037556 0.037892 0.0372037 0.0377197 0.0369206 0.0366806 0.0376395 0.035531 0.0377324 0.037685 0.0377361 0.0362443 0.0381657 0.0364121 0.0390166 0.0376466 0.0427906 0.0355962 0.0409407 0.0427197 0.0368183 0.0364672 0.0364216 0.0431306 0.0369559 0.0367362 0.0364412 0.0369728 0.0405008 0.0426795 0.037107 0.0366616 0.0354033 
HGDPMBU5 0.0411067 0.0411421 0.0409369 0.0414822 0.0402239 0 0.0405447 0.0413044 0.0406265 0.0404349 0.0431837 0.0408193 0.0405333 0.0434627 0.0432307 0.0428449 0.0432714 0.0433291 0.0430285 0.0430855 0.0436439 0.0435244 0.0435586 0.0435049 0.0434711 0.0428077 0.042895 0.0429874 0.0429826 0.0430127 0.0429099 0.0431948 0.0429006 0.0429645 0.0430161 0.0429799 0.0430895 0.0429981 0.0415912 0.0415764 0.040942 0.0415213 0.0414999 0.0414564 0.0415388 0.041319 0.0413641 0.0414378 0.0408962 0.0409322 0.0408958 0.0409643 0.0408465 0.0415935 0.0416829 0.0417445 0.0416451 0.0416729 0.0410531 0.0410367 0.0411316 0.0411651 0.0408254 0.0415129 0.0414373 0.0411567 0.0412944 0.0413269 0.0408664 0.040806 0.0409902 0.0407493 0.0408544 0.0398624 0.0397824 0.0400562 0.0400275 0.0398121 0.0399349 0.0376283 0.0380148 0.0375423 0.0377685 0.0377529 0.0407844 0.0407156 0.0408022 0.0407171 0.0409293 0.0405217 0.0408072 0.0411476 0.0407358 0.0408897 0.040927 0.0410543 0.0412667 0.0410253 0.0412336 0.0416285 0.0416819 0.0413959 0.0414769 0.0415541 0.04139 0.0416683 0.0412195 0.0414177 0.0413429 0.0412561 0.0413088 0.0412813 0.0411817 0.0407631 0.0410444 0.0410702 0.0410572 0.0410694 0.0409932 0.0410587 0.0366885 0.043572 0.0409159 0.0408806 0.0370274 0.0415466 0.0409952 0.0412673 0.0412372 0.0412139 0.0416655 0.0409254 0.0407927 0.0416477 0.0408781 0.0408742 0.0410742 0.0410812 0.0409665 0.0410439 0.0413049 0.0408129 0.0409385 0.0407753 0.0415901 0.0416973 0.0411448 0.0414573 0.0407996 0.0410528 0.041584 0.0408359 0.041739 0.0416029 0.0411326 0.0409152 0.0414189 0.0409738 0.041798 0.0417213 0.0437261 0.0410189 0.0365781 0.04369 0.0410841 0.0410062 0.0408494 0.0440431 0.0408833 0.0409654 0.0408276 0.0410882 0.0371995 0.0436245 0.0410924 0.0407937 0.0407667 
HGDPFRE4 0.0299946 0.0371182 0.037441 0.0382246 0.0360731 0.0405447 0 0.0309111 0.0369415 0.0290166 0.0417346 0.036956 0.0295332 0.0415838 0.0418274 0.04067 0.0413108 0.0419729 0.0414123 0.0412997 0.0424064 0.0422833 0.0422368 0.0421654 0.0421612 0.0401918 0.0400958 0.0400682 0.0403992 0.0402327 0.0411989 0.0414368 0.0412193 0.0413018 0.041306 0.0412837 0.0415921 0.0412076 0.0277042 0.0278264 0.0374661 0.0402188 0.0401817 0.0402417 0.0400504 0.0400067 0.0401341 0.040157 0.0376819 0.0376336 0.0378609 0.0377867 0.0370391 0.0401753 0.0405928 0.0404013 0.0404716 0.0404506 0.0378715 0.0378559 0.0378823 0.0380121 0.0378369 0.0401686 0.0401345 0.0398151 0.0398833 0.0399404 0.0369784 0.0368884 0.0368809 0.0367699 0.0366102 0.0394182 0.0392501 0.0396692 0.0391243 0.0397584 0.0395421 0.0410074 0.0403957 0.0406659 0.0409386 0.0411727 0.0376199 0.0373577 0.0376217 0.0376675 0.0375411 0.0292309 0.0305986 0.0326447 0.0308218 0.0307211 0.0315802 0.0327202 0.0331135 0.0320188 0.0378792 0.0391121 0.0388402 0.0387264 0.0386946 0.0388162 0.0386614 0.0390603 0.0379645 0.0382946 0.038356 0.0380973 0.0383046 0.0383288 0.0380343 0.0349696 0.0376655 0.0376148 0.0376357 0.0376523 0.037672 0.0270955 0.0411049 0.0423038 0.0373196 0.0269424 0.0410844 0.03126 0.0301364 0.0374732 0.0380841 0.0372861 0.0403949 0.0295646 0.0296666 0.0406088 0.0295291 0.0303432 0.0374391 0.0373793 0.0374268 0.0376099 0.0335862 0.0371681 0.0373302 0.0373323 0.0378442 0.0381328 0.0371182 0.0380706 0.0372215 0.0301729 0.0314033 0.0370287 0.0314695 0.0315354 0.0379064 0.0351564 0.0383697 0.0353835 0.0391479 0.0314553 0.0424971 0.0369717 0.0413352 0.0424881 0.0301685 0.0296884 0.0299047 0.0426006 0.0373309 0.0298461 0.0270098 0.0372693 0.040995 0.0422397 0.0375208 0.0293336 0.0367802 
HGDPPAPe 0.0300869 0.0382158 0.0385585 0.03933 0.037231 0.0413044 0.0309111 0 0.0381029 0.0296077 0.0425363 0.0381156 0.0293723 0.0423747 0.0426876 0.0414817 0.0420405 0.0428048 0.0423188 0.0421224 0.0431724 0.0430235 0.0430699 0.0430795 0.0429688 0.0412822 0.041238 0.0412024 0.0414512 0.0413261 0.0419828 0.0423132 0.0421296 0.0421946 0.0420947 0.0422309 0.0424418 0.0421335 0.0319611 0.0320811 0.0384938 0.0412404 0.0410514 0.0411243 0.0410515 0.040938 0.0410838 0.0411033 0.0387003 0.0388985 0.0387898 0.038793 0.038286 0.0410786 0.0414577 0.0412894 0.0413204 0.041372 0.0389493 0.0388551 0.0389198 0.0390384 0.0387939 0.0411568 0.041055 0.0407801 0.0408609 0.0408919 0.038149 0.0380034 0.0380956 0.0381751 0.0378599 0.0403467 0.0400735 0.0404492 0.0400909 0.0406995 0.0404251 0.0417978 0.0411099 0.0413757 0.0417198 0.0418837 0.0386602 0.0384978 0.0385661 0.0386978 0.0386673 0.0298133 0.0330976 0.034426 0.0331515 0.0323547 0.033443 0.0347393 0.0356417 0.0343154 0.0391404 0.0400243 0.0399225 0.0396965 0.0397406 0.0397955 0.0397028 0.0401337 0.0390459 0.039251 0.0394259 0.0390952 0.039319 0.0393906 0.0389591 0.0369212 0.0386722 0.0386994 0.0386441 0.0387076 0.038783 0.031529 0.0419486 0.0431226 0.0384424 0.031187 0.0418655 0.023274 0.0298035 0.0385369 0.0392339 0.0383612 0.0411886 0.0301561 0.0330478 0.0415123 0.0299827 0.0334632 0.038524 0.038421 0.0385712 0.0386012 0.0356231 0.0383297 0.0384347 0.0384674 0.0388153 0.0392789 0.0382927 0.0391462 0.0383274 0.0300028 0.0234029 0.038016 0.0225299 0.0233846 0.0389099 0.0368899 0.0394554 0.0369598 0.0401254 0.0234824 0.043121 0.0380531 0.0421307 0.0432938 0.0298968 0.0331567 0.0332081 0.0434234 0.0384272 0.0297446 0.0312484 0.0384502 0.0418512 0.0430884 0.0385018 0.0300968 0.0379508 
HGDPYOR4 0.0376341 0.0366058 0.0362106 0.0372885 0.0366362 0.0406265 0.0369415 0.0381029 0 0.0370531 0.0423593 0.0363473 0.0370549 0.0427272 0.042073 0.0415038 0.0422536 0.0421703 0.0416824 0.0417338 0.042966 0.0429556 0.0429401 0.0429799 0.0428542 0.0417081 0.0417439 0.0416337 0.0419197 0.0418154 0.0414244 0.0418538 0.0415909 0.0417492 0.0416171 0.0415426 0.0421305 0.0416538 0.0380868 0.0380728 0.0370832 0.039823 0.0398432 0.0397166 0.0397568 0.0396304 0.0397705 0.0397458 0.0368484 0.0369873 0.0370797 0.0368586 0.0369055 0.0399652 0.0401063 0.040009 0.0399347 0.0400872 0.0371033 0.0371119 0.0369935 0.0372326 0.0369122 0.0397954 0.0398334 0.0392868 0.0395658 0.0394739 0.0368866 0.0367518 0.0371274 0.0368485 0.0369637 0.0396909 0.0393287 0.0398697 0.0391808 0.0398607 0.0396834 0.0410179 0.0403155 0.0405342 0.0409334 0.0411973 0.0369079 0.0368415 0.0367649 0.0367405 0.0367346 0.0372396 0.0375174 0.0380801 0.0372242 0.0376477 0.0378378 0.0378552 0.0387232 0.03794 0.0377622 0.0383325 0.0385118 0.0381017 0.0382301 0.0383856 0.0380558 0.0386182 0.0376557 0.0381349 0.0382096 0.0377347 0.0378793 0.0377983 0.0376087 0.0372686 0.0367712 0.0368414 0.0363422 0.0366166 0.0367248 0.0375773 0.0411594 0.0429529 0.0369732 0.0373363 0.0411798 0.0384694 0.0375991 0.0368288 0.037356 0.0367663 0.039954 0.0376214 0.0372028 0.0401434 0.0375936 0.0368965 0.0364864 0.0363111 0.0364123 0.0365026 0.0376956 0.0370518 0.0370292 0.0369295 0.0371053 0.0371261 0.0367376 0.0371107 0.0369316 0.0376167 0.0385208 0.0373101 0.0385085 0.0385429 0.0372835 0.0375876 0.037711 0.0375948 0.0387266 0.0385944 0.0430358 0.0374212 0.041484 0.0429129 0.0376801 0.0373008 0.0371594 0.0434714 0.0370378 0.0374591 0.0374276 0.0366952 0.0408869 0.042974 0.036429 0.0374806 0.0370932 
HGDPKAR5 0.0274677 0.0371738 0.0375246 0.0382814 0.0362621 0.0404349 0.0290166 0.0296077 0.0370531 0 0.0416032 0.037027 0.0268955 0.0414027 0.0417862 0.0406241 0.0411124 0.0417227 0.0412966 0.0411518 0.0422009 0.0421283 0.042051 0.0421096 0.0420634 0.0402844 0.040365 0.0401249 0.0404611 0.0403658 0.0410965 0.0413243 0.0412108 0.0412815 0.0412221 0.0413113 0.0415928 0.0412454 0.0299649 0.0300061 0.037537 0.0401792 0.0401329 0.0401641 0.0399756 0.0399572 0.0400968 0.0401822 0.0376359 0.0378027 0.0378286 0.0377999 0.0373125 0.0401214 0.0404412 0.040257 0.040361 0.0403378 0.0378928 0.0378656 0.037856 0.0380554 0.0377437 0.0401168 0.0401148 0.0398205 0.0399382 0.0398849 0.0370683 0.0370726 0.0370218 0.0370142 0.0368632 0.0394076 0.0392501 0.0396522 0.0390575 0.0396521 0.0395574 0.0408134 0.0402087 0.0405339 0.0407458 0.0409028 0.0376487 0.0375806 0.0376794 0.0377605 0.0376299 0.0172717 0.0314335 0.0331899 0.031581 0.0310977 0.0320648 0.0332181 0.0341508 0.0329367 0.0380043 0.0390865 0.0388856 0.0387166 0.038736 0.0388979 0.0386515 0.0390366 0.0380498 0.0383555 0.0383922 0.0381056 0.0383099 0.0384845 0.0381343 0.0355993 0.0376801 0.0377562 0.0376838 0.0377392 0.037686 0.0297128 0.0409512 0.0421292 0.037437 0.0290803 0.0408928 0.0298943 0.0275483 0.0375234 0.038112 0.0373885 0.0402735 0.0185217 0.0315691 0.0405207 0.0178491 0.0320339 0.0375427 0.0373655 0.0375337 0.0376918 0.0345583 0.0373204 0.037459 0.037424 0.0378846 0.0382535 0.0373361 0.0381283 0.0372759 0.0275961 0.0299177 0.0370231 0.0300894 0.0300463 0.0379475 0.0357939 0.0384051 0.0358919 0.0392115 0.0299227 0.0423019 0.0369853 0.0412071 0.0422763 0.0277336 0.0316104 0.0317845 0.0424379 0.0375111 0.0275133 0.029191 0.0374777 0.0408274 0.0421758 0.037545 0.0174211 0.0369123 
HGDPJUH5 0.0422595 0.0429025 0.0427868 0.0432577 0.0421566 0.0431837 0.0417346 0.0425363 0.0423593 0.0416032 0 0.0424295 0.0416846 0.0400862 0.0403105 0.04036 0.0401835 0.0405133 0.0401125 0.0403959 0.0385497 0.0382626 0.0387563 0.0382003 0.0385137 0.0402028 0.0403559 0.0404137 0.0404124 0.0401859 0.0398105 0.0398769 0.0398271 0.0394749 0.0399469 0.0403979 0.0399809 0.0402522 0.0427094 0.0426659 0.0428175 0.0436326 0.0435522 0.0435895 0.0434922 0.0434794 0.0435147 0.0436797 0.0427154 0.042768 0.0428188 0.0428645 0.0426883 0.0435933 0.0438421 0.0438056 0.0436931 0.0438563 0.0428773 0.0429725 0.0429468 0.0429882 0.0428215 0.0436009 0.0436311 0.0433776 0.0434641 0.04358 0.042626 0.0427034 0.0427225 0.0426226 0.0426296 0.0432164 0.043147 0.0434802 0.0431521 0.0433996 0.0431956 0.0436232 0.0434342 0.0433714 0.0436427 0.0437182 0.0426879 0.0426548 0.0426765 0.0426703 0.0427943 0.0417954 0.041579 0.041383 0.041768 0.0417892 0.0415417 0.0414581 0.0411554 0.0413007 0.042204 0.0417021 0.0419881 0.0420709 0.0419886 0.0417383 0.0418548 0.0417664 0.0418929 0.0420236 0.0417282 0.041789 0.0420769 0.0419167 0.0418076 0.0416695 0.0428298 0.0427672 0.0428296 0.0429607 0.0428209 0.0423164 0.0437254 0.0372574 0.0427763 0.0420855 0.0436952 0.0428243 0.0422382 0.0429646 0.0427783 0.0427899 0.0437417 0.0421206 0.0422072 0.0438618 0.0421066 0.042234 0.0428283 0.042747 0.0428909 0.0429065 0.0428149 0.0426814 0.0427668 0.0426958 0.0432302 0.0434352 0.0429237 0.0432563 0.0427818 0.0423137 0.0429579 0.0426719 0.0429514 0.0428997 0.0426651 0.0424397 0.0421966 0.0424471 0.0418597 0.0429247 0.0386239 0.0428128 0.043925 0.0399294 0.0423633 0.0423313 0.0422367 0.0404483 0.0428208 0.0421901 0.0421541 0.0428554 0.043714 0.0387764 0.0428363 0.0419527 0.0426528 
HGDPMAN4 0.0376488 0.0363687 0.036516 0.0371673 0.0367588 0.0408193 0.036956 0.0381156 0.0363473 0.037027 0.0424295 0 0.0370253 0.0427004 0.0420578 0.041484 0.0423215 0.0422469 0.0418406 0.0416799 0.042962 0.0429505 0.0429652 0.0429502 0.0427973 0.0416933 0.0417428 0.0416926 0.0418699 0.0418451 0.0415771 0.0419726 0.0415665 0.0417344 0.0416796 0.041757 0.0421131 0.0417352 0.0380734 0.0380735 0.0372104 0.0399814 0.0400632 0.0398417 0.0398584 0.0397392 0.0398522 0.0399793 0.0370527 0.037183 0.0372348 0.0371934 0.0370444 0.0400029 0.0402838 0.0401115 0.0401627 0.0401551 0.0371498 0.0371985 0.0373147 0.0374711 0.0372159 0.0399673 0.0398991 0.039465 0.0397295 0.0396211 0.037262 0.0370693 0.0373577 0.0369818 0.0372409 0.0397998 0.0394813 0.0400282 0.0393372 0.0399453 0.0399046 0.0410958 0.0404423 0.040765 0.041002 0.0412938 0.0371585 0.0369517 0.0371492 0.0371851 0.0371081 0.0372681 0.0375751 0.0382693 0.0372872 0.0375572 0.0377987 0.0379547 0.0386653 0.038087 0.0379277 0.0385708 0.0385768 0.0383289 0.0384102 0.0384775 0.0384297 0.0387238 0.0378799 0.0383068 0.0383673 0.0380226 0.0379932 0.0381266 0.0377763 0.0374261 0.0370185 0.0369682 0.0369066 0.0369975 0.0371539 0.0376147 0.0413059 0.0430175 0.0372029 0.0373413 0.0413175 0.0384223 0.0377089 0.0362902 0.0377242 0.0362184 0.0399865 0.0375843 0.0370601 0.0403095 0.0375506 0.0368951 0.0366924 0.0367028 0.0369035 0.036988 0.0377877 0.0372298 0.0371725 0.0371586 0.0367061 0.0372331 0.0363425 0.037119 0.0372038 0.0375828 0.0384604 0.0373878 0.0384929 0.0384341 0.0375138 0.0377462 0.038242 0.0375538 0.0388975 0.0385216 0.0431053 0.0373742 0.0414791 0.0429568 0.0376961 0.0371962 0.0370554 0.0434757 0.0375166 0.0375733 0.0374773 0.0363707 0.0410774 0.0430157 0.0368868 0.0374037 0.0373687 
HGDPDAI5 0.0254482 0.0372367 0.0374707 0.0383232 0.0362311 0.0405333 0.0295332 0.0293723 0.0370549 0.0268955 0.0416846 0.0370253 0 0.0415009 0.0417765 0.0406713 0.0411624 0.0418871 0.0414038 0.0413361 0.0423918 0.0422147 0.0422849 0.0423053 0.0421626 0.0404292 0.0403774 0.04035 0.0405741 0.0404731 0.0412327 0.0414533 0.0413319 0.0413914 0.0413092 0.0413915 0.0416307 0.0412179 0.0306848 0.0306179 0.0376209 0.0403509 0.0401025 0.040181 0.0400939 0.0400094 0.0401797 0.0402091 0.0376897 0.0378848 0.0378484 0.0378341 0.03734 0.0402499 0.0405023 0.0403806 0.0405042 0.0404904 0.037913 0.037956 0.037937 0.0380935 0.0377869 0.0402911 0.0402232 0.0398955 0.0399368 0.0399631 0.0371283 0.0371052 0.0370692 0.0371036 0.0369341 0.0394854 0.0393724 0.0397334 0.0391007 0.0398413 0.0395978 0.0409583 0.0403622 0.0405582 0.0409165 0.0411071 0.0378021 0.0375907 0.0377182 0.037773 0.0376619 0.0271868 0.0314891 0.0329167 0.0316288 0.0309315 0.0317911 0.0333049 0.0343379 0.0330272 0.0380738 0.039113 0.0390001 0.0388174 0.0388168 0.0388693 0.0386979 0.0390699 0.0380355 0.0383793 0.0385289 0.0381134 0.0383044 0.0384808 0.0380634 0.0357619 0.0376855 0.0376461 0.0376907 0.0377857 0.0377877 0.030136 0.0410626 0.0422523 0.0374624 0.0297816 0.041019 0.0296533 0.02537 0.0375878 0.0382923 0.0373952 0.0403328 0.0275272 0.031702 0.0406727 0.0274644 0.0322354 0.0375772 0.037473 0.0376062 0.0376672 0.0345419 0.0373364 0.0374413 0.0373931 0.0379976 0.038304 0.0373796 0.0382129 0.0373304 0.025394 0.0297554 0.0369706 0.0298422 0.0298864 0.0379882 0.0358211 0.0384126 0.0358208 0.0392984 0.0299873 0.042421 0.0370378 0.0413674 0.0424383 0.0252599 0.0318252 0.0319252 0.0426061 0.03752 0.0252355 0.0297902 0.0374442 0.0409596 0.0422801 0.0376417 0.027466 0.0368968 
KSP062 0.0416545 0.0426709 0.0425658 0.0431398 0.0424538 0.0434627 0.0415838 0.0423747 0.0427272 0.0414027 0.0400862 0.0427004 0.0415009 0 0.0383444 0.0385547 0.0375692 0.0378791 0.0394774 0.0399821 0.0396994 0.0397865 0.0398866 0.0397075 0.0397381 0.0387225 0.0390381 0.0392654 0.0391091 0.0392631 0.0403436 0.0401625 0.0403511 0.040154 0.0405096 0.0399125 0.0393901 0.0397313 0.042318 0.0423545 0.0426347 0.0434532 0.0433626 0.0433007 0.043316 0.0433007 0.0433913 0.0434818 0.0424437 0.0425238 0.0425008 0.0426065 0.0424188 0.0433301 0.0434882 0.0435192 0.0436009 0.0435115 0.0425723 0.0427136 0.0426009 0.0426393 0.0425499 0.0433148 0.0433687 0.043162 0.0431735 0.0433079 0.0423137 0.042384 0.0425566 0.042362 0.0422346 0.0430146 0.0429773 0.0432501 0.0428038 0.0431713 0.042979 0.0434634 0.043222 0.0432142 0.0434762 0.0435793 0.0424204 0.0424898 0.0425704 0.0424615 0.0425796 0.0413758 0.04069 0.0404488 0.0412664 0.0410094 0.0407965 0.0406026 0.0397754 0.0403267 0.0416512 0.0408345 0.0412192 0.0413742 0.0412289 0.0409321 0.0412699 0.0409898 0.0414097 0.0413562 0.0408987 0.0413875 0.0414729 0.0413863 0.0411463 0.0411018 0.0425747 0.0426315 0.0426043 0.042689 0.0425184 0.0416388 0.0436331 0.0397384 0.0424577 0.0414736 0.0435206 0.0421781 0.0416402 0.0427399 0.0425319 0.0427465 0.0435546 0.0414563 0.0416197 0.0436332 0.0415382 0.0416843 0.0426011 0.0426114 0.0426267 0.0426012 0.0423325 0.0424578 0.0425144 0.042468 0.0430367 0.0431176 0.0426464 0.0429841 0.0424389 0.041643 0.0423431 0.0424661 0.042344 0.0423307 0.0424111 0.042102 0.0414637 0.0421858 0.0411911 0.042327 0.040024 0.0425751 0.0437638 0.0389713 0.0416552 0.0417668 0.0416836 0.038991 0.0425836 0.0416193 0.0415123 0.042733 0.0434762 0.0399404 0.0425819 0.0414343 0.0424336 
KSP063 0.0419771 0.0421603 0.0419415 0.0424146 0.0419408 0.0432307 0.0418274 0.0426876 0.042073 0.0417862 0.0403105 0.0420578 0.0417765 0.0383444 0 0.038666 0.038544 0.0386923 0.0397743 0.0400742 0.0400514 0.0402305 0.0402231 0.0401427 0.039967 0.0391036 0.0393511 0.0396351 0.0393385 0.0396031 0.0405922 0.0405085 0.0403981 0.0404937 0.0404684 0.0400819 0.0397398 0.0398793 0.0425838 0.0425704 0.0419747 0.0429584 0.0429425 0.0428098 0.0428934 0.0427662 0.0428663 0.0429733 0.0418765 0.0418166 0.0419112 0.0418525 0.0417804 0.0429282 0.0430854 0.0431507 0.0430734 0.0432146 0.0419247 0.0420528 0.0419565 0.0419085 0.0419207 0.0429304 0.0428357 0.0426577 0.0427182 0.0428762 0.0417957 0.0417955 0.0419533 0.0417486 0.0417712 0.0426204 0.0424765 0.0428187 0.042532 0.0427913 0.042683 0.0431042 0.0428717 0.0429342 0.0430267 0.0431535 0.0419368 0.041864 0.041734 0.0417747 0.0418207 0.0416823 0.0410644 0.0404993 0.0412847 0.0412739 0.0410003 0.0407452 0.0401909 0.040734 0.0411629 0.0403522 0.0407909 0.0409908 0.0407203 0.0405059 0.0408802 0.04067 0.040871 0.0407829 0.0406595 0.0408802 0.0409615 0.0408836 0.0406191 0.0408352 0.0418121 0.0419067 0.0418901 0.0420464 0.0419443 0.0419006 0.0431301 0.0400258 0.0420159 0.0418465 0.0432121 0.0425169 0.0418938 0.0421037 0.0419005 0.0419531 0.0430873 0.0417584 0.0418005 0.0431253 0.0418014 0.0417148 0.0418081 0.0419772 0.0419073 0.0419465 0.04214 0.0418484 0.0419121 0.041692 0.0423091 0.0424253 0.0420611 0.0422556 0.0419572 0.0418472 0.0426469 0.0420246 0.042684 0.0426624 0.041731 0.0418592 0.0409803 0.0419289 0.0406851 0.0425886 0.0403219 0.0421177 0.0432789 0.0392277 0.0419041 0.0418352 0.0417654 0.039293 0.0419959 0.0419102 0.0418327 0.0419735 0.0431447 0.0402704 0.0419327 0.0417824 0.0419704 
KSP065 0.0408856 0.0416063 0.0414042 0.0419719 0.0412559 0.0428449 0.04067 0.0414817 0.0415038 0.0406241 0.04036 0.041484 0.0406713 0.0385547 0.038666 0 0.0383887 0.0385538 0.0398211 0.0399904 0.0400541 0.0402214 0.0402225 0.0401526 0.0400711 0.0391353 0.0389976 0.0392872 0.0390517 0.039348 0.0404217 0.040413 0.0403501 0.0402582 0.0404137 0.040123 0.0397245 0.0397387 0.0415277 0.0415295 0.0413354 0.0426432 0.0425873 0.0424583 0.0425893 0.0424653 0.0424319 0.0426868 0.0413129 0.0414707 0.0412901 0.0414085 0.0412652 0.042539 0.0427765 0.0427915 0.0427052 0.0428199 0.0415997 0.0415138 0.04147 0.041506 0.0414624 0.0425707 0.0424681 0.0422136 0.0423268 0.0424756 0.0410685 0.0411705 0.0413548 0.0412189 0.0411606 0.0422474 0.0420437 0.0424405 0.0420897 0.0423791 0.0422161 0.0427637 0.0425352 0.0425233 0.0427819 0.0429326 0.0413284 0.0412863 0.0413217 0.0412787 0.0414643 0.0405733 0.040172 0.0398501 0.0403792 0.0402667 0.0399232 0.0398485 0.0396408 0.0396462 0.0406881 0.03997 0.0405608 0.0406702 0.0404163 0.0403705 0.040452 0.0403763 0.0403184 0.0402003 0.0402013 0.0402671 0.0403606 0.0404058 0.0404335 0.0401902 0.041317 0.0414314 0.041518 0.0415802 0.0413683 0.0407996 0.0429797 0.0401547 0.0413189 0.0406479 0.0429899 0.0413746 0.0407271 0.041587 0.0414868 0.0413643 0.0426838 0.0407889 0.040716 0.0429645 0.0407767 0.040715 0.0414142 0.0414028 0.0413415 0.0414497 0.0414217 0.04131 0.0413598 0.0412949 0.0418811 0.041988 0.0415121 0.041855 0.0412949 0.040799 0.0414731 0.041425 0.0415382 0.0414489 0.0413721 0.0411261 0.0406808 0.0411813 0.0406114 0.0414805 0.0404025 0.0415021 0.0431371 0.0393271 0.0408949 0.0409292 0.0407943 0.0395132 0.0413918 0.040766 0.0407522 0.041622 0.0428359 0.0403196 0.0414747 0.0405985 0.0413845 
KSP067 0.0413446 0.042345 0.0422139 0.0427871 0.0421259 0.0432714 0.0413108 0.0420405 0.0422536 0.0411124 0.0401835 0.0423215 0.0411624 0.0375692 0.038544 0.0383887 0 0.0381401 0.0396957 0.0401113 0.0399544 0.0398386 0.0400948 0.0397984 0.039904 0.0387975 0.0387681 0.0392226 0.0388614 0.0389427 0.040528 0.0403693 0.0404202 0.0402313 0.0403168 0.0399828 0.0396309 0.0396867 0.0421577 0.0420163 0.042316 0.043132 0.0431636 0.0431436 0.0430284 0.0430575 0.0431673 0.0432566 0.0421726 0.0422003 0.0422062 0.0422713 0.0420377 0.0432013 0.043302 0.043297 0.0432993 0.0433874 0.0423232 0.0423736 0.0423553 0.0423303 0.0422696 0.0432685 0.0430502 0.0430169 0.0429696 0.0431302 0.0419607 0.0420895 0.0420977 0.0420094 0.0420236 0.0427826 0.0426484 0.0429521 0.0426545 0.0429555 0.0428293 0.0432794 0.0429713 0.0430609 0.0432612 0.0433959 0.0422997 0.0421525 0.0422343 0.0422215 0.0422334 0.0410236 0.040617 0.0401575 0.0409253 0.0407711 0.0403984 0.0404969 0.0397623 0.0403803 0.0414712 0.0403551 0.0410003 0.0412011 0.040987 0.0407369 0.0409374 0.0407697 0.0412267 0.0411125 0.0409769 0.0411736 0.0412558 0.041191 0.0410104 0.0408083 0.042318 0.0423294 0.0423086 0.0424178 0.0422416 0.0413497 0.0433605 0.0400042 0.0423166 0.0411805 0.0433225 0.0418402 0.0412772 0.0425286 0.0422978 0.0422841 0.0433782 0.0412513 0.0413923 0.0434606 0.0412738 0.0414842 0.0423368 0.042228 0.0423013 0.0422052 0.0420401 0.0422759 0.0421931 0.0421179 0.0426702 0.0427852 0.0424093 0.0427013 0.0422355 0.0413152 0.0419742 0.0422289 0.0420248 0.0420173 0.0422212 0.0419743 0.0412198 0.0418917 0.0410379 0.0420827 0.0400674 0.0422718 0.0436194 0.0391903 0.0413304 0.0415503 0.0413422 0.0390421 0.0423443 0.0412689 0.0413076 0.0423687 0.0434504 0.0402501 0.0422299 0.0411363 0.0421252 
KSP069 0.0420744 0.0421192 0.0420106 0.0425319 0.0420728 0.0433291 0.0419729 0.0428048 0.0421703 0.0417227 0.0405133 0.0422469 0.0418871 0.0378791 0.0386923 0.0385538 0.0381401 0 0.0398073 0.0401673 0.0400976 0.0402937 0.0402031 0.0400394 0.0401439 0.0394106 0.0394171 0.0396962 0.0394393 0.0398265 0.0404034 0.0405203 0.0405795 0.0403974 0.040607 0.0402321 0.0397152 0.0398667 0.0427907 0.0427449 0.0420523 0.0430537 0.0430042 0.0430337 0.0430395 0.0429316 0.0429879 0.0431498 0.04198 0.0420323 0.0420196 0.0420304 0.0419202 0.042964 0.0430993 0.0432474 0.0431476 0.0432757 0.0420676 0.042234 0.0421046 0.0421102 0.0419515 0.0428859 0.0429661 0.0428746 0.0428964 0.0430786 0.0418893 0.0419626 0.0420758 0.0419197 0.041893 0.04271 0.0425795 0.0429543 0.0425629 0.0428225 0.0427732 0.0432671 0.0429323 0.0429913 0.0431682 0.0433749 0.0418791 0.0419007 0.0419774 0.0419977 0.0420074 0.0417349 0.0410796 0.0408039 0.0414417 0.0412272 0.0410859 0.0408408 0.0403801 0.0407015 0.0412734 0.0403836 0.0410602 0.0408652 0.0407101 0.0406294 0.0407968 0.0405873 0.0409794 0.0409592 0.040646 0.0409168 0.0413157 0.040941 0.04087 0.040874 0.0420115 0.0420457 0.0420591 0.0422141 0.0420293 0.0421274 0.0433226 0.0400573 0.042089 0.0419249 0.0433695 0.0426036 0.0420101 0.0423118 0.042017 0.0421755 0.0431573 0.0418224 0.0419119 0.0432969 0.0418367 0.0418636 0.0420828 0.0419989 0.04211 0.0421025 0.0423439 0.0420039 0.0420939 0.041999 0.0424161 0.0425623 0.0422247 0.0424743 0.042065 0.0420879 0.0426965 0.0421863 0.042754 0.0427423 0.0419442 0.0420312 0.0411573 0.0421094 0.0409256 0.0427532 0.0403363 0.0422363 0.0435444 0.039161 0.0421754 0.041992 0.0419477 0.0393729 0.0421446 0.0420718 0.041902 0.0422035 0.043347 0.0402885 0.0420733 0.0417855 0.0421696 
KSP092 0.0416056 0.0417917 0.041459 0.0422572 0.0416376 0.0430285 0.0414123 0.0423188 0.0416824 0.0412966 0.0401125 0.0418406 0.0414038 0.0394774 0.0397743 0.0398211 0.0396957 0.0398073 0 0.0384022 0.0400063 0.0399804 0.0401168 0.0400254 0.0401083 0.0397602 0.0399232 0.0400614 0.0401409 0.0399469 0.0405682 0.0402995 0.040263 0.0403161 0.0403918 0.0395802 0.0377565 0.0396566 0.0422338 0.0421418 0.0416542 0.0428077 0.0427102 0.0426524 0.0426266 0.0425831 0.0427362 0.0427521 0.0415691 0.0415958 0.0416312 0.0416469 0.0414163 0.0426765 0.042875 0.0429722 0.0428343 0.0429489 0.0416087 0.0417307 0.0416559 0.0417496 0.0415964 0.0427328 0.0426878 0.0425001 0.0426174 0.0425963 0.0414177 0.0415089 0.0416281 0.0414146 0.0414439 0.0425023 0.042277 0.0426574 0.0421929 0.0425716 0.0424786 0.0429856 0.0426337 0.0427008 0.0430357 0.0431053 0.0415523 0.0414641 0.0415823 0.0416139 0.0414712 0.0412396 0.0407229 0.040673 0.0409655 0.0409551 0.0408147 0.0407525 0.0403488 0.0405098 0.0409544 0.0406355 0.0410205 0.0408377 0.0409257 0.0408052 0.0406056 0.0406751 0.0408611 0.0407283 0.0406685 0.0409404 0.0409245 0.0407842 0.0406835 0.040628 0.0416282 0.0415585 0.0415148 0.0417628 0.0415745 0.0415294 0.0431947 0.0397578 0.0414656 0.0413092 0.0431554 0.0421315 0.0415223 0.0418229 0.0416157 0.0416359 0.0428508 0.0414408 0.0412852 0.0429364 0.0414608 0.0412551 0.0415903 0.041563 0.0415174 0.0415276 0.0417475 0.0414811 0.0415622 0.0414798 0.041978 0.042254 0.0418352 0.0420564 0.0416075 0.0415169 0.0421827 0.041765 0.0422783 0.042224 0.0415939 0.0414267 0.0408848 0.0414749 0.0408231 0.0422133 0.0400573 0.0417905 0.0432282 0.0394824 0.0415894 0.0414099 0.0412101 0.0400126 0.0416326 0.0415053 0.0414136 0.0417385 0.0431037 0.0402486 0.0416202 0.0413613 0.0416574 
KSP096 0.0414449 0.041819 0.0415144 0.042193 0.0415741 0.0430855 0.0412997 0.0421224 0.0417338 0.0411518 0.0403959 0.0416799 0.0413361 0.0399821 0.0400742 0.0399904 0.0401113 0.0401673 0.0384022 0 0.0402911 0.0403115 0.0402999 0.0403297 0.0400826 0.0400825 0.0401857 0.0402343 0.0403364 0.0401592 0.0406521 0.040554 0.0404057 0.0404953 0.0407809 0.0399182 0.0390154 0.0394239 0.0421299 0.0420994 0.0416409 0.0426481 0.0427728 0.0426557 0.0427099 0.0425088 0.0426688 0.042831 0.0414368 0.0415929 0.0415558 0.0415697 0.0413894 0.0428716 0.0429384 0.04289 0.0428941 0.04286 0.0415501 0.0417873 0.0416311 0.0416482 0.0416101 0.0427549 0.0425832 0.0423892 0.0425352 0.0425175 0.0414475 0.0412784 0.0415266 0.0412624 0.0413998 0.0425067 0.0422795 0.0426871 0.0422633 0.0425122 0.042432 0.0429947 0.0426943 0.0428018 0.0429331 0.0431605 0.0413452 0.041471 0.0415989 0.0414896 0.0414848 0.0410813 0.0406953 0.0406435 0.0408692 0.0409454 0.0407324 0.040741 0.040524 0.0407144 0.0410505 0.0408005 0.0409611 0.0410321 0.0408754 0.0408772 0.0410731 0.0407573 0.0409094 0.0408426 0.0408435 0.040815 0.040903 0.0408764 0.0407945 0.0406348 0.0415294 0.0415796 0.0415482 0.0417471 0.0414347 0.0415123 0.0431585 0.0402475 0.0415562 0.0411876 0.0432162 0.0420026 0.0414177 0.0418102 0.0416774 0.0417062 0.0428068 0.0412064 0.0412894 0.0428863 0.0413056 0.0411843 0.0414132 0.0415797 0.0416115 0.0416653 0.0417023 0.0414825 0.0415709 0.0415269 0.0421842 0.0421743 0.0416898 0.0420075 0.0416933 0.0414264 0.0421092 0.0417168 0.0421604 0.042108 0.0415028 0.0414824 0.041149 0.0416438 0.0409801 0.0421255 0.0404149 0.041778 0.0432878 0.0398531 0.041479 0.0413795 0.0412441 0.04038 0.0416154 0.0413367 0.0412072 0.0416635 0.0431753 0.0406283 0.041603 0.0411623 0.0416952 
KSP103 0.0425421 0.0430387 0.0428322 0.0433699 0.042755 0.0436439 0.0424064 0.0431724 0.042966 0.0422009 0.0385497 0.042962 0.0423918 0.0396994 0.0400514 0.0400541 0.0399544 0.0400976 0.0400063 0.0402911 0 0.0384167 0.0381691 0.0377265 0.038526 0.0401378 0.0401829 0.0403915 0.0401878 0.0400198 0.0396312 0.0396235 0.0395473 0.0394807 0.0397398 0.040195 0.0394748 0.0401479 0.0432733 0.0431862 0.0429186 0.0435567 0.0435671 0.043557 0.0435284 0.0434612 0.0435366 0.0437149 0.0427919 0.0428452 0.042869 0.0428539 0.0427439 0.0436674 0.043813 0.0437968 0.0435716 0.0438515 0.0430152 0.0430237 0.0429269 0.0430234 0.0428541 0.0436512 0.0435721 0.0434209 0.0433584 0.0435021 0.0427071 0.0427822 0.0428245 0.0427215 0.0425828 0.0431698 0.0431593 0.0434857 0.0430834 0.0433167 0.0433029 0.0435118 0.0434362 0.0434119 0.0436519 0.0436417 0.0427761 0.0428171 0.0428282 0.0427948 0.0428111 0.0422208 0.0417701 0.0415736 0.0420093 0.041977 0.0417832 0.0416549 0.0410709 0.0415206 0.0421831 0.0418063 0.0420473 0.0420713 0.0419263 0.0417654 0.0420178 0.0417181 0.0419431 0.0419981 0.041765 0.0418741 0.0422049 0.0419688 0.0418501 0.0417413 0.0428605 0.0429445 0.0430007 0.0430631 0.042901 0.0425363 0.043666 0.0385337 0.0428508 0.0424269 0.0436942 0.0431542 0.0425513 0.0430999 0.0427825 0.0431022 0.0438591 0.0423414 0.0424392 0.0438937 0.0423635 0.0424298 0.0429061 0.0429382 0.0429497 0.0429058 0.0428988 0.0428208 0.0427742 0.0428535 0.0432929 0.0434538 0.0430752 0.0433271 0.0428495 0.0425521 0.0432372 0.0428307 0.0432224 0.0431996 0.0428033 0.0426724 0.0421268 0.0426195 0.0418174 0.0431234 0.0384481 0.0429579 0.0438117 0.0397447 0.0425777 0.0425267 0.0423948 0.0402333 0.0428813 0.0425047 0.0424542 0.0429622 0.0436848 0.0384619 0.0429989 0.0423062 0.0427639 
