1000GDAI6 1000GMAN5 1000GESA3 1000GMEN3 HGDPDIN4 HGDPMBU5 HGDPFRE4 HGDPPAPe HGDPYOR4 HGDPKAR5 HGDPJUH5 HGDPMAN4 HGDPDAI5 KSP062 KSP063 KSP065 KSP067 KSP069 KSP092 KSP096 KSP103 KSP105 KSP106 KSP111 KSP116 KSP124 KSP134 KSP137 KSP139 KSP140 KSP146 KSP150 KSP152 KSP154 KSP155 KSP224 KSP225 KSP228 1000GCEU1 1000GCEU2 1000GLUH3 PNP000 PNP001 PNP002 PNP003 PNP004 PNP005 PNP006 PNP010 PNP011 PNP012 PNP013 PNP014 PNP020 PNP021 PNP022 PNP023 PNP024 PNP030 PNP031 PNP032 PNP033 PNP034 PNP040 PNP041 PNP042 PNP043 PNP044 PNP050 PNP051 PNP052 PNP053 PNP054 PNP060 PNP062 PNP063 PNP064 PNP065 PNP066 PNP070 PNP071 PNP072 PNP073 PNP074 PNP080 PNP081 PNP082 PNP083 PNP084 HGDPKAR4 SAHGPCOL1 SAHGPCOL2 SAHGPCOL3 SAHGPCOL4 SAHGPCOL5 SAHGPCOL6 SAHGPCOL7 SAHGPCOL8 SAHGPZUL1 SAHGPSOT1 SAHGPSOT2 SAHGPSOT3 SAHGPSOT4 SAHGPSOT5 SAHGPSOT6 SAHGPSOT7 SAHGPXHO1 SAHGPXHO2 SAHGPXHO3 SAHGPXHO4 SAHGPXHO5 SAHGPXHO6 SAHGPXHO7 SAHGPXHO8 SGDPLEM2 SGDPLEM1 SGDPIGB2 SGDPIGB1 SGDPKON2 SGDPFRE1 SGDPMBU3 SGDPJUH3 SGDPBantuK2 SGDPFRE2 SGDPMBU2 SGDPPAP01 SGDPDai3 SGDPMAN1 SGDPBantuH2 SGDPMAN2 SGDPBIA1 SGDPKAR1 SGDPMOZ1 SGDPBIA2 SGDPKAR2 SGDPMOZ2 SGDPYOR2 SGDPESA1 SGDPYOR1 SGDPESA2 SGDPSOM1 SGDPLUH2 SGDPLUO2 SGDPLUH1 SGDPGAM1 SGDPMEN1 SGDPGAM2 SGDPMEN2 SGDPBantuK1 SGDPDai2 SGDPPAP10 SGDPDIN2 SGDPPAP6 SGDPPAP13 SGDPBantuH1 SGDPMAS2 SGDPBantuT2 SGDPMAS1 SGDPBantuT1 SGDPPAP12 SGDPJUH1 SGDPDIN1 SGDPMBU1 SGDPKHO2 SGDPDai1 SGDPSAH1 SGDPSAH2 SGDPKHO1 SGDPLUO1 SGDPDai4 SGDPFRE3 SGDPMAN3 SGDPMBU4 SGDPJUH4 SGDPYOR3 SGDPKAR3 SGDPDIN3 
1000GDAI6 0 0.333615 0.336389 0.337498 0.332693 0.360998 0.271053 0.27306 0.341238 0.255967 0.361905 0.340273 0.224546 0.354368 0.359267 0.350424 0.352218 0.35994 0.356024 0.355364 0.361336 0.359884 0.359117 0.359272 0.359024 0.346869 0.345371 0.345834 0.347023 0.346955 0.35124 0.354106 0.354447 0.354553 0.353508 0.356101 0.356742 0.354963 0.270747 0.270387 0.334528 0.348913 0.348314 0.349796 0.347944 0.34759 0.350721 0.348898 0.337769 0.337485 0.33784 0.339035 0.332477 0.350434 0.349107 0.349259 0.348646 0.349675 0.337789 0.338649 0.33836 0.340343 0.338948 0.347019 0.347074 0.347382 0.347483 0.347552 0.331216 0.331711 0.332022 0.330435 0.329381 0.345592 0.343765 0.347925 0.342632 0.346289 0.346264 0.355677 0.350411 0.353251 0.356234 0.355398 0.338679 0.33686 0.336239 0.339317 0.338436 0.253872 0.276879 0.288248 0.280262 0.272228 0.279309 0.291624 0.296979 0.28887 0.339271 0.347291 0.343851 0.344319 0.34285 0.343471 0.344848 0.346297 0.341174 0.341236 0.340863 0.338926 0.341983 0.342526 0.338591 0.316708 0.340419 0.341 0.339126 0.340784 0.339442 0.270971 0.357371 0.361505 0.335937 0.268311 0.35773 0.267274 0.222964 0.33845 0.341313 0.33645 0.349003 0.255943 0.286614 0.350895 0.253964 0.290461 0.339132 0.33885 0.340374 0.340321 0.30835 0.336616 0.33616 0.337806 0.338807 0.340022 0.335339 0.340074 0.333998 0.220638 0.266555 0.333533 0.268145 0.26865 0.341223 0.317212 0.341929 0.319221 0.346149 0.268569 0.362344 0.333238 0.35675 0.36472 0.222511 0.284025 0.287072 0.36633 0.334831 0.218998 0.269129 0.33692 0.356846 0.361515 0.340883 0.253383 0.332811 
1000GMAN5 0.333615 0 0.296626 0.29707 0.308401 0.328061 0.333607 0.348299 0.302179 0.351973 0.3354 0.299249 0.337866 0.333182 0.327991 0.325894 0.330628 0.32762 0.325285 0.327549 0.333354 0.332915 0.332761 0.331864 0.332776 0.327463 0.326713 0.326995 0.327601 0.327566 0.322422 0.325999 0.323567 0.324898 0.322917 0.325297 0.328041 0.325489 0.332749 0.331952 0.30055 0.312417 0.313351 0.311269 0.309935 0.310961 0.312853 0.313487 0.299151 0.30048 0.300926 0.299418 0.300001 0.315231 0.31457 0.314058 0.314122 0.313508 0.301516 0.301504 0.300339 0.30116 0.299795 0.312857 0.312678 0.309828 0.312664 0.309301 0.301385 0.301449 0.304285 0.302401 0.302536 0.315615 0.313195 0.317998 0.312679 0.314862 0.312406 0.322441 0.318526 0.319636 0.324866 0.322808 0.302294 0.301597 0.300626 0.301346 0.301874 0.348801 0.319039 0.317252 0.316081 0.320589 0.318303 0.315605 0.319073 0.31725 0.306236 0.307925 0.308674 0.307251 0.30901 0.307007 0.308107 0.309805 0.306788 0.308535 0.307256 0.304912 0.306232 0.304914 0.306372 0.307432 0.302939 0.3016 0.299242 0.302808 0.302133 0.334176 0.324594 0.334329 0.303953 0.330795 0.326017 0.344638 0.337989 0.297505 0.305493 0.296733 0.314007 0.350703 0.323001 0.315209 0.350485 0.318041 0.299057 0.301001 0.301155 0.302087 0.317446 0.303763 0.302555 0.302609 0.297084 0.300073 0.297344 0.299792 0.304148 0.336881 0.346525 0.305774 0.345357 0.34545 0.305811 0.308699 0.309396 0.30827 0.310157 0.345746 0.334615 0.307306 0.326673 0.335387 0.335554 0.323161 0.320506 0.341716 0.30297 0.336616 0.330683 0.297839 0.325422 0.334209 0.301925 0.349215 0.304942 
1000GESA3 0.336389 0.296626 0 0.294495 0.307583 0.324858 0.337035 0.35265 0.299099 0.355948 0.332695 0.299901 0.340185 0.330417 0.324193 0.322051 0.327384 0.324753 0.319847 0.322593 0.329291 0.328164 0.328309 0.327611 0.328226 0.32329 0.322745 0.324569 0.325383 0.325177 0.31872 0.322021 0.32106 0.320819 0.32041 0.322634 0.323704 0.321221 0.33629 0.335845 0.298524 0.309091 0.310274 0.309558 0.308628 0.308374 0.309328 0.310376 0.296877 0.29657 0.297863 0.297345 0.297965 0.311838 0.311118 0.310638 0.308515 0.310272 0.298385 0.296668 0.297761 0.298969 0.296969 0.307505 0.308062 0.306024 0.307854 0.30694 0.297903 0.29997 0.303166 0.297337 0.299948 0.314402 0.309813 0.315867 0.30987 0.311655 0.311137 0.321026 0.31443 0.315647 0.321183 0.320629 0.297865 0.298916 0.296783 0.298255 0.296174 0.352699 0.32004 0.318263 0.318173 0.323927 0.321177 0.314614 0.3177 0.318362 0.303223 0.305529 0.30399 0.303168 0.306147 0.304563 0.306257 0.30565 0.302538 0.305607 0.302977 0.302747 0.304939 0.303246 0.301595 0.306619 0.299159 0.298684 0.297847 0.298114 0.299083 0.337314 0.322027 0.330965 0.300956 0.335088 0.323154 0.349961 0.341073 0.29863 0.300011 0.298791 0.311208 0.35352 0.326904 0.31178 0.353927 0.321658 0.294922 0.296804 0.295793 0.297369 0.318644 0.301771 0.300592 0.300862 0.299941 0.299215 0.298851 0.299722 0.29898 0.339191 0.351193 0.306331 0.349929 0.350524 0.301693 0.308831 0.303905 0.307845 0.307091 0.350093 0.331449 0.306778 0.322743 0.330693 0.340236 0.325022 0.322535 0.337461 0.301799 0.339709 0.337853 0.299168 0.320225 0.330907 0.296404 0.353431 0.305879 
1000GMEN3 0.337498 0.29707 0.294495 0 0.307539 0.322576 0.338167 0.353807 0.301836 0.356878 0.329543 0.29957 0.342246 0.328538 0.321043 0.319973 0.325552 0.321302 0.320123 0.321713 0.326797 0.326279 0.326069 0.325583 0.325598 0.321519 0.321769 0.322547 0.322166 0.323262 0.316221 0.320087 0.318036 0.320096 0.318867 0.319265 0.321038 0.320506 0.335863 0.335788 0.298203 0.308436 0.309013 0.306637 0.308002 0.307617 0.307219 0.308717 0.29893 0.296542 0.298361 0.29986 0.297822 0.310807 0.308613 0.310362 0.309752 0.309442 0.298072 0.299061 0.298615 0.298193 0.298549 0.307819 0.308818 0.306462 0.308055 0.306572 0.298734 0.298698 0.301758 0.29998 0.302684 0.310614 0.309004 0.315325 0.307874 0.310297 0.309962 0.31903 0.313124 0.315015 0.318872 0.317083 0.29975 0.297557 0.298717 0.299537 0.299608 0.352722 0.321683 0.318259 0.317618 0.321935 0.318734 0.316064 0.318 0.318284 0.302819 0.306108 0.30733 0.303181 0.305 0.305083 0.305156 0.305729 0.302765 0.304052 0.305091 0.303172 0.303463 0.301779 0.302589 0.304885 0.301794 0.300337 0.300575 0.301143 0.298903 0.338014 0.320324 0.327122 0.302904 0.334482 0.31898 0.349893 0.340393 0.298734 0.302499 0.297403 0.309184 0.355941 0.325378 0.312409 0.35423 0.320953 0.299236 0.299292 0.299308 0.29906 0.316134 0.300903 0.299824 0.301517 0.299291 0.297534 0.297632 0.296457 0.301745 0.339794 0.350625 0.306143 0.350352 0.349147 0.304016 0.308669 0.303716 0.308086 0.306876 0.350977 0.328755 0.305776 0.321604 0.327971 0.339282 0.324556 0.323463 0.334912 0.301371 0.340627 0.335252 0.297274 0.318566 0.328357 0.296557 0.35412 0.304619 
HGDPDIN4 0.332693 0.308401 0.307583 0.307539 0 0.320793 0.322327 0.338035 0.302521 0.34202 0.329445 0.301685 0.327018 0.337729 0.332229 0.328098 0.335216 0.333464 0.329866 0.331339 0.337014 0.334712 0.334318 0.335458 0.335433 0.327746 0.326672 0.32762 0.328366 0.329346 0.32711 0.330544 0.327566 0.329401 0.327855 0.330431 0.33144 0.329614 0.32716 0.327903 0.30643 0.319376 0.319327 0.31759 0.318099 0.318341 0.318321 0.319626 0.308527 0.307641 0.309171 0.309852 0.308605 0.321814 0.319725 0.321722 0.31892 0.320045 0.308707 0.309227 0.308819 0.309413 0.308719 0.317067 0.317654 0.31653 0.318607 0.315074 0.306823 0.307514 0.309679 0.305391 0.307097 0.31944 0.316219 0.320421 0.317067 0.319352 0.318402 0.326217 0.321633 0.321537 0.32646 0.32745 0.307643 0.308388 0.307263 0.309895 0.309105 0.344013 0.317715 0.316889 0.315217 0.318871 0.318961 0.314565 0.316604 0.317056 0.311395 0.31424 0.315167 0.312298 0.312948 0.313351 0.315347 0.316657 0.311872 0.31435 0.311707 0.312637 0.31368 0.311887 0.311391 0.309718 0.3073 0.309029 0.307838 0.308793 0.308062 0.330638 0.325417 0.337212 0.306297 0.328652 0.325985 0.34299 0.333553 0.307925 0.310507 0.307409 0.318317 0.347867 0.321368 0.319997 0.346988 0.317281 0.307567 0.307169 0.306379 0.309372 0.308219 0.30558 0.304348 0.306578 0.308961 0.30936 0.307678 0.308296 0.306046 0.332029 0.34339 0.295419 0.343094 0.343503 0.312253 0.300907 0.312856 0.30188 0.315948 0.343044 0.337947 0.295121 0.326391 0.338077 0.33317 0.320027 0.318782 0.343142 0.304601 0.333247 0.327167 0.305042 0.3234 0.336015 0.307422 0.346249 0.294023 
HGDPMBU5 0.360998 0.328061 0.324858 0.322576 0.320793 0 0.351571 0.361685 0.321549 0.367779 0.311234 0.321359 0.354709 0.31999 0.317893 0.317521 0.319004 0.318467 0.316771 0.319973 0.317777 0.316457 0.316945 0.316237 0.316745 0.317734 0.318705 0.321379 0.319567 0.320718 0.315861 0.318494 0.315494 0.316033 0.317245 0.316782 0.315888 0.317746 0.356646 0.356053 0.324294 0.311268 0.312668 0.310753 0.312318 0.310485 0.309943 0.311975 0.322793 0.322923 0.321852 0.323175 0.323067 0.313557 0.310578 0.313242 0.310663 0.311686 0.323607 0.322972 0.32399 0.324024 0.321712 0.310845 0.310752 0.310004 0.311385 0.311077 0.324828 0.324778 0.32748 0.32428 0.325412 0.305097 0.305078 0.30656 0.307039 0.30221 0.304672 0.281959 0.287951 0.282432 0.284692 0.283215 0.323092 0.323254 0.322602 0.323097 0.325275 0.368819 0.339622 0.333664 0.338855 0.341924 0.337352 0.334156 0.329913 0.334188 0.322442 0.320451 0.321526 0.319977 0.320631 0.320097 0.32129 0.320622 0.323012 0.322065 0.320721 0.321761 0.322711 0.320507 0.321213 0.323773 0.326099 0.326873 0.326001 0.325145 0.324352 0.357977 0.275718 0.316921 0.32523 0.356163 0.27735 0.365458 0.360872 0.327305 0.324544 0.327884 0.312691 0.37438 0.347423 0.310656 0.373005 0.345928 0.326475 0.328376 0.325617 0.326298 0.33929 0.324773 0.325338 0.323611 0.329177 0.326173 0.326428 0.32496 0.324056 0.360717 0.365913 0.326876 0.366721 0.365424 0.325537 0.328398 0.32299 0.328677 0.320823 0.367464 0.318376 0.329005 0.273871 0.319146 0.359881 0.348829 0.346155 0.323231 0.323162 0.360398 0.35529 0.325663 0.279512 0.317233 0.326549 0.371766 0.326379 
HGDPFRE4 0.271053 0.333607 0.337035 0.338167 0.322327 0.351571 0 0.281139 0.331428 0.272878 0.353958 0.329944 0.266436 0.357059 0.360475 0.350217 0.354868 0.362023 0.356312 0.357099 0.362913 0.361752 0.360877 0.35937 0.360883 0.345088 0.343142 0.344406 0.34618 0.345311 0.353257 0.355728 0.353585 0.354704 0.355253 0.355202 0.356993 0.354769 0.239559 0.241623 0.334994 0.349287 0.350296 0.349567 0.347952 0.348033 0.348891 0.349981 0.338712 0.336952 0.339295 0.338616 0.330914 0.349946 0.351562 0.350555 0.349857 0.350435 0.339037 0.33802 0.339482 0.340212 0.33955 0.347514 0.348081 0.347244 0.347617 0.347778 0.331123 0.330417 0.331769 0.328669 0.326739 0.34536 0.344575 0.348357 0.343546 0.346772 0.346452 0.357658 0.352763 0.354242 0.358585 0.357685 0.338134 0.335637 0.338238 0.339303 0.33749 0.276054 0.268475 0.284449 0.27155 0.270298 0.277159 0.286307 0.286809 0.278807 0.337389 0.346669 0.342622 0.343784 0.342459 0.342838 0.343671 0.345639 0.339472 0.340156 0.339637 0.338393 0.341947 0.340273 0.338807 0.309626 0.339005 0.338996 0.338974 0.338115 0.338173 0.24099 0.356802 0.361727 0.334918 0.238844 0.357237 0.286515 0.274656 0.335601 0.34026 0.33443 0.350796 0.280265 0.264533 0.351423 0.278596 0.270486 0.336546 0.336984 0.336947 0.338544 0.297888 0.33342 0.334535 0.336167 0.337962 0.337579 0.332511 0.338703 0.333623 0.274344 0.287617 0.333392 0.287371 0.288858 0.340532 0.311717 0.341601 0.313231 0.344387 0.287763 0.363879 0.331679 0.357916 0.365194 0.273387 0.26415 0.266015 0.366587 0.333442 0.270379 0.239487 0.333935 0.356433 0.360181 0.338161 0.276267 0.329704 
HGDPPAPe 0.27306 0.348299 0.35265 0.353807 0.338035 0.361685 0.281139 0 0.347246 0.278588 0.364943 0.345315 0.26491 0.367144 0.372249 0.36122 0.364555 0.373565 0.368932 0.367741 0.373036 0.371295 0.37213 0.3718 0.371852 0.358459 0.357672 0.358671 0.359698 0.359015 0.363604 0.367437 0.365648 0.366701 0.365087 0.368273 0.368264 0.367181 0.28645 0.287845 0.349382 0.363927 0.362274 0.361732 0.361853 0.360957 0.362042 0.362946 0.352694 0.354081 0.352026 0.352619 0.34755 0.362518 0.363713 0.362763 0.36175 0.363099 0.354213 0.352012 0.353513 0.354588 0.352741 0.361267 0.361053 0.360591 0.361181 0.36087 0.346916 0.344787 0.347874 0.34819 0.343479 0.357495 0.355571 0.358716 0.356496 0.359433 0.358396 0.367966 0.362378 0.363669 0.368945 0.366957 0.352384 0.351433 0.351042 0.353491 0.353086 0.281456 0.296951 0.30441 0.298154 0.28824 0.297996 0.309463 0.3155 0.305038 0.354171 0.359423 0.357301 0.357149 0.357 0.356064 0.358691 0.361022 0.354105 0.353072 0.354092 0.352168 0.355555 0.354673 0.350873 0.332997 0.353085 0.353933 0.352861 0.352808 0.353091 0.288823 0.368683 0.372312 0.350412 0.285048 0.367862 0.198676 0.270619 0.35018 0.355992 0.349084 0.361584 0.285484 0.302457 0.363673 0.283096 0.305464 0.351805 0.351592 0.352625 0.35215 0.322097 0.349381 0.349876 0.35111 0.351406 0.353547 0.347748 0.353764 0.348445 0.272366 0.199696 0.346435 0.190606 0.198789 0.354518 0.332828 0.356796 0.332495 0.358185 0.199842 0.371917 0.346495 0.368587 0.376039 0.270135 0.302622 0.302917 0.377241 0.348512 0.26881 0.28561 0.35007 0.36783 0.371826 0.351538 0.284864 0.345705 
HGDPYOR4 0.341238 0.302179 0.299099 0.301836 0.302521 0.321549 0.331428 0.347246 0 0.350456 0.328447 0.297389 0.336244 0.337168 0.330614 0.328258 0.332959 0.331835 0.327234 0.329722 0.335559 0.335929 0.336275 0.335735 0.335296 0.330562 0.330874 0.331061 0.332398 0.33187 0.324099 0.32888 0.326037 0.327484 0.326936 0.326656 0.330272 0.32816 0.338448 0.337573 0.304482 0.316546 0.317371 0.313913 0.315965 0.315166 0.315959 0.316234 0.30255 0.303081 0.30336 0.302017 0.303835 0.318818 0.316078 0.317312 0.315041 0.316573 0.303921 0.30392 0.302799 0.305217 0.302825 0.315131 0.315877 0.312236 0.315013 0.313647 0.304437 0.303585 0.308176 0.30433 0.305765 0.319255 0.316769 0.321539 0.315534 0.318393 0.318042 0.32697 0.3219 0.322225 0.327387 0.327206 0.30375 0.304135 0.302296 0.30252 0.302419 0.352902 0.323444 0.321036 0.32105 0.326699 0.324337 0.320368 0.32395 0.320948 0.308074 0.308911 0.310394 0.308549 0.309323 0.310015 0.309753 0.312496 0.308265 0.309837 0.310044 0.307063 0.309043 0.305909 0.306282 0.307869 0.303122 0.304673 0.299472 0.302164 0.301245 0.339075 0.327259 0.335738 0.305366 0.336357 0.327855 0.352201 0.342567 0.302887 0.305401 0.303721 0.316014 0.357904 0.328892 0.316605 0.356736 0.322497 0.301585 0.300082 0.301288 0.301955 0.319543 0.305968 0.304257 0.304852 0.303836 0.301228 0.302098 0.301723 0.304391 0.341839 0.352962 0.309133 0.351156 0.352491 0.306561 0.312779 0.306801 0.312019 0.311237 0.353684 0.33651 0.309525 0.329005 0.336999 0.341729 0.328118 0.326241 0.343011 0.304105 0.340201 0.337008 0.301916 0.324256 0.336064 0.300348 0.354716 0.30632 
HGDPKAR5 0.255967 0.351973 0.355948 0.356878 0.34202 0.367779 0.272878 0.278588 0.350456 0 0.369781 0.348104 0.249087 0.371594 0.377928 0.367388 0.369474 0.376083 0.3725 0.371855 0.377304 0.376625 0.375593 0.376356 0.376626 0.362558 0.363504 0.361377 0.364054 0.363829 0.369291 0.371526 0.370893 0.372024 0.371245 0.373356 0.374512 0.372954 0.276422 0.277359 0.353952 0.366682 0.367354 0.366277 0.364498 0.365205 0.36626 0.368339 0.355737 0.356944 0.356325 0.356535 0.351545 0.367131 0.367096 0.366341 0.366164 0.366659 0.356908 0.355678 0.356538 0.358564 0.355689 0.364679 0.365773 0.365144 0.366413 0.364445 0.349679 0.350124 0.350401 0.349503 0.34728 0.362359 0.361988 0.365573 0.36015 0.362502 0.364193 0.37246 0.367957 0.37031 0.373448 0.371452 0.355995 0.356982 0.35651 0.358432 0.356635 0.163169 0.290955 0.304796 0.294115 0.28784 0.296111 0.306398 0.312294 0.303192 0.356201 0.364435 0.360793 0.361263 0.361143 0.361886 0.361719 0.363103 0.358058 0.358417 0.357216 0.356257 0.359443 0.359937 0.357607 0.332628 0.357085 0.359013 0.357566 0.357211 0.355896 0.28136 0.372406 0.376586 0.354434 0.273312 0.37254 0.283316 0.257702 0.353737 0.358049 0.353244 0.367126 0.175501 0.299673 0.367631 0.168548 0.30274 0.356154 0.354735 0.356201 0.357432 0.324404 0.353005 0.353904 0.354445 0.356152 0.357065 0.35209 0.35688 0.351663 0.257763 0.28326 0.350445 0.284183 0.284723 0.358441 0.334828 0.359512 0.335334 0.36343 0.282815 0.37864 0.34909 0.373876 0.37967 0.258715 0.29858 0.300363 0.381434 0.353429 0.257293 0.275045 0.354397 0.371747 0.377131 0.356123 0.16419 0.349061 
HGDPJUH5 0.361905 0.3354 0.332695 0.329543 0.329445 0.311234 0.353958 0.364943 0.328447 0.369781 0 0.326982 0.356249 0.283227 0.285487 0.289364 0.285448 0.286523 0.285472 0.290069 0.270315 0.26914 0.272514 0.268284 0.27102 0.288882 0.290177 0.291825 0.290504 0.290301 0.284753 0.284652 0.283845 0.281464 0.285639 0.287868 0.283292 0.287567 0.35928 0.358005 0.330916 0.319158 0.3191 0.318153 0.318381 0.319182 0.318168 0.321266 0.330007 0.329869 0.329685 0.330494 0.330353 0.31973 0.319234 0.320112 0.317258 0.320448 0.330901 0.330606 0.330819 0.3309 0.330273 0.318058 0.319173 0.318897 0.32011 0.320503 0.331337 0.332736 0.333893 0.331897 0.332209 0.321067 0.322048 0.323949 0.322493 0.320662 0.320476 0.317406 0.318522 0.315194 0.318994 0.316195 0.330361 0.330889 0.329741 0.330122 0.332424 0.371907 0.338186 0.328539 0.339629 0.342016 0.33497 0.329412 0.322308 0.328875 0.32304 0.313103 0.315907 0.318934 0.317492 0.314208 0.317139 0.31486 0.32095 0.319665 0.315503 0.317667 0.321241 0.317844 0.319317 0.324247 0.332332 0.332309 0.332521 0.333443 0.330987 0.360969 0.31728 0.262085 0.332747 0.358457 0.316619 0.368179 0.36307 0.33344 0.329358 0.332117 0.320012 0.376078 0.352359 0.318996 0.37553 0.349454 0.333077 0.333294 0.334168 0.33426 0.34496 0.332056 0.331862 0.332063 0.334129 0.332834 0.333398 0.331981 0.33251 0.363206 0.370355 0.334344 0.368233 0.368694 0.329452 0.332791 0.321783 0.332736 0.313696 0.369436 0.271646 0.335421 0.317241 0.280707 0.362958 0.352625 0.350785 0.28549 0.331718 0.362205 0.359243 0.332779 0.317229 0.272166 0.333342 0.372895 0.333936 
HGDPMAN4 0.340273 0.299249 0.299901 0.29957 0.301685 0.321359 0.329944 0.345315 0.297389 0.348104 0.326982 0 0.333305 0.335279 0.328922 0.326527 0.331859 0.331112 0.327308 0.327527 0.333775 0.333813 0.334338 0.333727 0.333066 0.328097 0.328619 0.329281 0.329838 0.33034 0.324002 0.327837 0.323662 0.325431 0.325332 0.327012 0.327948 0.327438 0.336023 0.335321 0.304504 0.315779 0.317573 0.313455 0.314279 0.314353 0.31383 0.316956 0.302601 0.303038 0.303682 0.303917 0.303718 0.317023 0.316515 0.316494 0.315457 0.314947 0.302707 0.30236 0.305058 0.305732 0.303701 0.314724 0.31481 0.311883 0.31502 0.313105 0.306886 0.304787 0.308844 0.303842 0.306841 0.318639 0.316248 0.321485 0.314932 0.317875 0.318514 0.325652 0.320776 0.322483 0.326331 0.326226 0.304291 0.303333 0.304763 0.304988 0.304632 0.35124 0.322366 0.321846 0.320325 0.323829 0.321466 0.319436 0.32116 0.321057 0.308286 0.309509 0.310537 0.309039 0.309456 0.308169 0.310896 0.31124 0.308816 0.310157 0.309414 0.307428 0.308254 0.307908 0.305425 0.307891 0.30414 0.304041 0.302533 0.303978 0.304111 0.338471 0.326563 0.335072 0.305687 0.33507 0.327241 0.350038 0.342847 0.297424 0.307075 0.297862 0.314589 0.35542 0.325754 0.316245 0.354015 0.320808 0.301264 0.302267 0.303785 0.304841 0.31922 0.306015 0.304537 0.305346 0.299523 0.30156 0.298458 0.301215 0.305316 0.339913 0.350531 0.308434 0.349012 0.349101 0.307674 0.312966 0.31018 0.30981 0.311825 0.351028 0.33567 0.308029 0.326471 0.335832 0.340339 0.326279 0.3237 0.341582 0.307726 0.340076 0.336591 0.298586 0.324314 0.334874 0.302778 0.351859 0.307918 
HGDPDAI5 0.224546 0.337866 0.340185 0.342246 0.327018 0.354709 0.266436 0.26491 0.336244 0.249087 0.356249 0.333305 0 0.358599 0.362472 0.353146 0.35589 0.363746 0.359098 0.359973 0.365412 0.362852 0.364312 0.364254 0.363346 0.349949 0.348863 0.350118 0.350752 0.350597 0.356374 0.358328 0.35761 0.358362 0.357901 0.359745 0.360119 0.357442 0.273066 0.272134 0.340207 0.354024 0.351788 0.351243 0.351134 0.351213 0.352002 0.353743 0.341759 0.342888 0.341627 0.342203 0.337403 0.35384 0.352952 0.35291 0.35319 0.353576 0.342243 0.342332 0.342803 0.343946 0.341737 0.35219 0.352462 0.351086 0.351211 0.350939 0.335789 0.335765 0.336478 0.336215 0.333821 0.349144 0.349264 0.351909 0.34605 0.350729 0.349738 0.359765 0.354921 0.355675 0.361257 0.359646 0.343587 0.341886 0.342167 0.343609 0.342023 0.252877 0.279602 0.288804 0.281553 0.273982 0.280489 0.294552 0.300928 0.290973 0.342214 0.349616 0.347435 0.347959 0.347233 0.346327 0.347298 0.348561 0.342793 0.343784 0.344533 0.341642 0.344508 0.345007 0.341729 0.320202 0.342263 0.342181 0.342527 0.343013 0.342122 0.273986 0.359703 0.363682 0.339616 0.269349 0.359215 0.269263 0.224592 0.339947 0.345735 0.338766 0.35269 0.257089 0.28795 0.354826 0.255316 0.292379 0.341327 0.341226 0.342353 0.342134 0.310644 0.338564 0.338804 0.339326 0.343074 0.342866 0.338059 0.34346 0.33772 0.224902 0.270183 0.334957 0.270075 0.271477 0.344047 0.321073 0.344794 0.320263 0.349346 0.272831 0.365229 0.335355 0.361097 0.367206 0.222933 0.288762 0.289157 0.369277 0.338811 0.222947 0.269799 0.339068 0.358651 0.36403 0.342688 0.255686 0.33421 
KSP062 0.354368 0.333182 0.330417 0.328538 0.337729 0.31999 0.357059 0.367144 0.337168 0.371594 0.283227 0.335279 0.358599 0 0.272354 0.278912 0.267063 0.269103 0.280185 0.286637 0.276905 0.277459 0.27882 0.276432 0.277702 0.278656 0.280594 0.283801 0.281163 0.283281 0.285595 0.284074 0.285775 0.284491 0.288071 0.284253 0.277574 0.283144 0.351739 0.351796 0.329002 0.317455 0.317683 0.315067 0.316612 0.317098 0.31742 0.319844 0.327487 0.327854 0.326912 0.328496 0.327293 0.317441 0.316027 0.318074 0.31716 0.316883 0.32757 0.328592 0.327598 0.327819 0.327867 0.314764 0.316645 0.317039 0.317078 0.318508 0.328261 0.329163 0.332446 0.329578 0.327784 0.318838 0.32067 0.322187 0.318415 0.318322 0.317251 0.315242 0.316877 0.313501 0.317837 0.315255 0.327281 0.329458 0.328963 0.328061 0.329653 0.368314 0.32981 0.320219 0.335443 0.334781 0.328995 0.32186 0.310079 0.320612 0.318606 0.30676 0.311269 0.314406 0.311777 0.308789 0.314074 0.308718 0.318011 0.315402 0.31017 0.315848 0.317506 0.314729 0.314406 0.320408 0.33032 0.331609 0.330865 0.331568 0.328513 0.353669 0.316599 0.277724 0.329556 0.352002 0.315811 0.361007 0.356745 0.331551 0.326957 0.332389 0.318138 0.368223 0.346077 0.316614 0.368751 0.343821 0.330891 0.332526 0.332139 0.330454 0.339351 0.330318 0.329946 0.329815 0.332667 0.330196 0.331078 0.329267 0.32911 0.356109 0.363459 0.33238 0.361379 0.362548 0.327381 0.329329 0.315729 0.329307 0.309235 0.362608 0.280094 0.333368 0.315718 0.274286 0.354766 0.346651 0.344584 0.274918 0.329673 0.356197 0.352094 0.332622 0.315199 0.278627 0.331257 0.367283 0.332545 
KSP063 0.359267 0.327991 0.324193 0.321043 0.332229 0.317893 0.360475 0.372249 0.330614 0.377928 0.285487 0.328922 0.362472 0.272354 0 0.277212 0.27418 0.274242 0.282797 0.286615 0.279098 0.281618 0.280839 0.279881 0.279231 0.281046 0.283051 0.286937 0.282509 0.285293 0.287792 0.286165 0.286867 0.287278 0.28754 0.285506 0.281371 0.284257 0.35528 0.354549 0.322576 0.312274 0.313296 0.310265 0.312846 0.311405 0.311597 0.31401 0.321941 0.320818 0.321092 0.321561 0.320953 0.31355 0.311493 0.314123 0.311302 0.314051 0.320457 0.321939 0.32108 0.320023 0.321342 0.311636 0.311034 0.311803 0.311839 0.31339 0.323263 0.322926 0.32581 0.32346 0.32369 0.314241 0.31476 0.317313 0.31566 0.313372 0.31506 0.311768 0.31245 0.31049 0.312097 0.310148 0.322955 0.323738 0.320439 0.32081 0.322096 0.373254 0.334191 0.321714 0.33535 0.337721 0.330729 0.323922 0.314716 0.325132 0.313267 0.30198 0.306001 0.309723 0.305991 0.303712 0.3089 0.30517 0.312611 0.309018 0.306645 0.310403 0.311593 0.308614 0.308487 0.317194 0.322335 0.32397 0.323164 0.325033 0.322677 0.356842 0.310255 0.279988 0.32554 0.356854 0.311605 0.365877 0.360361 0.324951 0.320628 0.324121 0.312857 0.373124 0.348504 0.311557 0.373059 0.344397 0.322447 0.32618 0.324926 0.324177 0.337562 0.324018 0.323595 0.321757 0.32496 0.323121 0.324958 0.321794 0.324801 0.358958 0.368247 0.327852 0.366491 0.367627 0.321185 0.327217 0.310706 0.327277 0.304341 0.36646 0.281994 0.328559 0.309942 0.276659 0.358227 0.347659 0.34605 0.277716 0.323821 0.360231 0.356266 0.324401 0.311825 0.281009 0.324248 0.372666 0.327755 
KSP065 0.350424 0.325894 0.322051 0.319973 0.328098 0.317521 0.350217 0.36122 0.328258 0.367388 0.289364 0.326527 0.353146 0.278912 0.277212 0 0.277216 0.276172 0.286509 0.288974 0.28286 0.28658 0.284881 0.28456 0.284543 0.284833 0.283272 0.287057 0.283715 0.286444 0.290462 0.289557 0.289647 0.289095 0.290805 0.28952 0.284639 0.286812 0.347082 0.346704 0.318884 0.313614 0.313889 0.310308 0.314562 0.31311 0.311705 0.315617 0.319879 0.320788 0.317797 0.319691 0.319573 0.313544 0.312501 0.3155 0.311972 0.314491 0.321554 0.319536 0.319864 0.319995 0.321082 0.311918 0.311502 0.311144 0.311972 0.313549 0.31938 0.320175 0.32353 0.320941 0.320669 0.31535 0.314349 0.317156 0.315332 0.313529 0.313828 0.312435 0.313393 0.310442 0.314687 0.312522 0.31982 0.320917 0.319694 0.319744 0.322489 0.363862 0.327465 0.31753 0.329152 0.329811 0.322433 0.31723 0.311959 0.316385 0.312279 0.302113 0.307242 0.310509 0.306386 0.30714 0.30899 0.306228 0.311067 0.306653 0.305559 0.308004 0.310053 0.307602 0.310125 0.315055 0.321124 0.323357 0.323909 0.323594 0.320748 0.347945 0.314286 0.285182 0.321621 0.346506 0.314817 0.356358 0.350546 0.323514 0.319978 0.321647 0.313873 0.365497 0.339713 0.314876 0.364978 0.336689 0.323064 0.323987 0.323037 0.322903 0.333293 0.322146 0.321783 0.321598 0.324638 0.321589 0.323081 0.321815 0.321068 0.350477 0.357729 0.324477 0.356685 0.356754 0.32125 0.322965 0.312226 0.322484 0.306727 0.357278 0.287301 0.325652 0.313673 0.281505 0.350587 0.341273 0.33888 0.28422 0.321228 0.350378 0.347897 0.324647 0.312215 0.286108 0.323491 0.362104 0.324406 
KSP067 0.352218 0.330628 0.327384 0.325552 0.335216 0.319004 0.354868 0.364555 0.332959 0.369474 0.285448 0.331859 0.35589 0.267063 0.27418 0.277216 0 0.272402 0.282469 0.287971 0.280137 0.279235 0.281171 0.278175 0.280279 0.279638 0.27946 0.284152 0.279685 0.281147 0.288714 0.287534 0.287757 0.286241 0.287527 0.285639 0.281229 0.282973 0.350909 0.348416 0.326475 0.315049 0.316197 0.314617 0.314918 0.315452 0.316129 0.317875 0.326032 0.325341 0.324179 0.325493 0.324277 0.316975 0.314289 0.315926 0.314848 0.316552 0.32587 0.326104 0.326246 0.324862 0.325893 0.315817 0.313596 0.31617 0.315896 0.317064 0.325143 0.326455 0.32783 0.326715 0.326594 0.317377 0.316984 0.319647 0.318002 0.316215 0.317492 0.313967 0.313991 0.312753 0.316171 0.31407 0.327796 0.326303 0.326275 0.32631 0.327333 0.365404 0.329491 0.317469 0.332051 0.332803 0.325358 0.321653 0.310975 0.322073 0.316724 0.302876 0.309748 0.313237 0.309664 0.307535 0.311261 0.307473 0.316857 0.313197 0.31098 0.314311 0.315263 0.312887 0.313942 0.31747 0.329069 0.32918 0.328216 0.329243 0.326461 0.350696 0.314353 0.28131 0.329129 0.349404 0.314548 0.358191 0.353729 0.330083 0.32577 0.328294 0.317182 0.367204 0.344436 0.315952 0.367098 0.342252 0.329295 0.329802 0.329358 0.327075 0.337218 0.329351 0.327434 0.327477 0.329817 0.326959 0.329636 0.327626 0.32792 0.35316 0.359923 0.330984 0.358694 0.360042 0.326162 0.329121 0.314412 0.32707 0.308487 0.361227 0.281176 0.33124 0.315728 0.276676 0.351945 0.344787 0.341213 0.276665 0.328194 0.352993 0.350813 0.329026 0.31668 0.282728 0.327865 0.365088 0.329916 
KSP069 0.35994 0.32762 0.324753 0.321302 0.333464 0.318467 0.362023 0.373565 0.331835 0.376083 0.286523 0.331112 0.363746 0.269103 0.274242 0.276172 0.272402 0 0.283006 0.286754 0.279717 0.28173 0.280602 0.278986 0.280976 0.283888 0.283479 0.287151 0.283861 0.287522 0.286179 0.28682 0.28784 0.286367 0.288529 0.286788 0.280166 0.284094 0.357478 0.356726 0.322943 0.313253 0.314133 0.312545 0.314137 0.313233 0.313326 0.315986 0.323397 0.322643 0.321915 0.32323 0.322655 0.313789 0.312043 0.314571 0.312309 0.314515 0.322314 0.323883 0.323042 0.322078 0.321677 0.311001 0.312063 0.313777 0.314227 0.315617 0.324608 0.324675 0.327335 0.324458 0.325463 0.315755 0.315645 0.318812 0.315937 0.313672 0.315507 0.313438 0.312916 0.311419 0.314249 0.312766 0.321925 0.323725 0.323049 0.323729 0.323928 0.373503 0.334596 0.324798 0.337669 0.337915 0.331487 0.324859 0.316902 0.325157 0.314767 0.302293 0.308766 0.309126 0.306962 0.304854 0.30843 0.304552 0.313804 0.310638 0.307135 0.310716 0.314965 0.31032 0.311149 0.318651 0.324911 0.325938 0.325576 0.326894 0.323528 0.359678 0.312752 0.280436 0.326279 0.357341 0.313987 0.367043 0.361659 0.326922 0.321741 0.326653 0.31372 0.373308 0.349945 0.313495 0.372923 0.345923 0.326068 0.32632 0.326804 0.326001 0.339771 0.326009 0.325542 0.32521 0.326501 0.324172 0.326517 0.324389 0.325847 0.361825 0.368651 0.329729 0.367162 0.368574 0.323353 0.329047 0.313018 0.328657 0.306188 0.368697 0.282109 0.330226 0.313399 0.274425 0.361958 0.34923 0.3483 0.278722 0.325331 0.36221 0.357065 0.326418 0.313634 0.281151 0.325916 0.372073 0.329607 
KSP092 0.356024 0.325285 0.319847 0.320123 0.329866 0.316771 0.356312 0.368932 0.327234 0.3725 0.285472 0.327308 0.359098 0.280185 0.282797 0.286509 0.282469 0.283006 0 0.276292 0.280476 0.281653 0.28233 0.281008 0.282052 0.286749 0.28741 0.289117 0.289626 0.288516 0.289508 0.286022 0.286886 0.287266 0.287862 0.28404 0.26939 0.285008 0.352485 0.351023 0.319565 0.312721 0.312535 0.310225 0.3112 0.311592 0.312388 0.313572 0.320051 0.319404 0.319413 0.320319 0.318355 0.312201 0.310682 0.31417 0.310706 0.312893 0.318345 0.319409 0.318804 0.319809 0.318944 0.310816 0.310489 0.31191 0.312949 0.311592 0.320185 0.321175 0.323635 0.32098 0.321335 0.315495 0.314367 0.317319 0.313733 0.312979 0.314436 0.3117 0.311321 0.310668 0.314572 0.311516 0.319977 0.320097 0.31984 0.320167 0.319839 0.369088 0.330676 0.322961 0.332844 0.334828 0.328964 0.323238 0.315516 0.322722 0.311191 0.304926 0.308738 0.308118 0.308144 0.307183 0.306648 0.304929 0.312573 0.309213 0.306819 0.310661 0.311132 0.308235 0.309294 0.315115 0.321858 0.32168 0.320055 0.322843 0.319652 0.354167 0.313885 0.279766 0.320643 0.351586 0.313906 0.362692 0.35728 0.322924 0.31846 0.321742 0.312213 0.370914 0.34376 0.311563 0.370242 0.340815 0.321984 0.322988 0.321465 0.320551 0.334279 0.321746 0.320825 0.320838 0.322284 0.322253 0.323934 0.321096 0.322155 0.356239 0.363596 0.326095 0.363005 0.363855 0.320431 0.32404 0.31103 0.323074 0.30516 0.363518 0.282554 0.3264 0.311971 0.280108 0.356147 0.343956 0.340599 0.284198 0.32107 0.356605 0.352941 0.323427 0.313672 0.283403 0.321882 0.368869 0.325252 
KSP096 0.355364 0.327549 0.322593 0.321713 0.331339 0.319973 0.357099 0.367741 0.329722 0.371855 0.290069 0.327527 0.359973 0.286637 0.286615 0.288974 0.287971 0.286754 0.276292 0 0.285427 0.285907 0.285092 0.285426 0.283996 0.291096 0.291481 0.29375 0.292326 0.292249 0.291079 0.290892 0.2896 0.290804 0.294002 0.288206 0.280144 0.284975 0.352413 0.351717 0.321374 0.31262 0.315195 0.312422 0.31449 0.312302 0.313549 0.315753 0.320269 0.321202 0.320458 0.320858 0.320272 0.316731 0.313217 0.314894 0.313748 0.313719 0.320179 0.321664 0.320617 0.320798 0.321331 0.313447 0.311555 0.31188 0.313633 0.312665 0.322172 0.321442 0.324436 0.32034 0.32257 0.316872 0.315899 0.319664 0.315607 0.314618 0.31512 0.313771 0.313879 0.312613 0.314968 0.313632 0.31987 0.321676 0.322326 0.321096 0.321945 0.368078 0.332027 0.323706 0.33343 0.335932 0.329449 0.324415 0.318763 0.325574 0.314707 0.306956 0.310002 0.3116 0.309109 0.309226 0.313045 0.307018 0.314638 0.311572 0.310262 0.311384 0.312997 0.310821 0.31264 0.317475 0.322287 0.323973 0.322259 0.324409 0.32011 0.355335 0.31529 0.285521 0.323275 0.35132 0.316187 0.362456 0.35725 0.3251 0.320757 0.324567 0.314594 0.368666 0.345728 0.312747 0.369483 0.340741 0.321787 0.325456 0.32471 0.324107 0.335665 0.32311 0.322383 0.32345 0.326891 0.322831 0.323815 0.322288 0.324931 0.356389 0.364078 0.327283 0.362666 0.363477 0.321746 0.325738 0.314771 0.327414 0.308793 0.363958 0.287157 0.328156 0.314331 0.284654 0.355952 0.345179 0.342834 0.289724 0.322482 0.355745 0.351238 0.324152 0.31535 0.28895 0.324581 0.367266 0.327155 
KSP103 0.361336 0.333354 0.329291 0.326797 0.337014 0.317777 0.362913 0.373036 0.335559 0.377304 0.270315 0.333775 0.365412 0.276905 0.279098 0.28286 0.280137 0.279717 0.280476 0.285427 0 0.266017 0.264103 0.261078 0.266688 0.284438 0.284857 0.288406 0.28504 0.284434 0.278743 0.277892 0.277233 0.277357 0.279869 0.2835 0.276143 0.283549 0.359191 0.357741 0.327996 0.314206 0.315855 0.314024 0.315861 0.314792 0.315335 0.318082 0.327488 0.32681 0.326506 0.326984 0.327481 0.317443 0.314922 0.316891 0.31269 0.316536 0.328099 0.32784 0.326739 0.328317 0.327039 0.314594 0.314765 0.315936 0.314428 0.315937 0.328659 0.329713 0.331128 0.328969 0.327671 0.316513 0.318068 0.320705 0.317596 0.315684 0.317628 0.311702 0.314192 0.311696 0.315125 0.311643 0.327116 0.329132 0.327327 0.327178 0.327948 0.374699 0.337317 0.327597 0.339354 0.340442 0.33465 0.328592 0.319011 0.328548 0.319343 0.311096 0.313546 0.315605 0.31328 0.311126 0.315163 0.310048 0.317703 0.316257 0.31268 0.315951 0.319048 0.315087 0.316322 0.322441 0.329015 0.331255 0.330863 0.331232 0.32842 0.360003 0.312611 0.266846 0.329735 0.359445 0.313446 0.369212 0.363671 0.331302 0.325237 0.332558 0.317479 0.375096 0.351997 0.315773 0.374723 0.348394 0.33021 0.332535 0.331837 0.329815 0.342298 0.330118 0.328233 0.330372 0.330971 0.329445 0.331715 0.329099 0.329515 0.362696 0.370411 0.332898 0.368071 0.36911 0.32823 0.332068 0.3182 0.331006 0.309345 0.368122 0.26624 0.334061 0.312187 0.275453 0.36158 0.35119 0.349369 0.279031 0.328451 0.362469 0.359579 0.330485 0.313174 0.266604 0.331584 0.374009 0.33177 
KSP105 0.359884 0.332915 0.328164 0.326279 0.334712 0.316457 0.361752 0.371295 0.335929 0.376625 0.26914 0.333813 0.362852 0.277459 0.281618 0.28658 0.279235 0.28173 0.281653 0.285907 0.266017 0 0.268154 0.264437 0.260909 0.284183 0.285488 0.287943 0.285264 0.28551 0.280221 0.278562 0.277146 0.275695 0.278983 0.284497 0.277202 0.284031 0.356539 0.354631 0.327385 0.315394 0.316608 0.313619 0.314896 0.315995 0.315125 0.318315 0.328589 0.32721 0.326446 0.326234 0.326194 0.31733 0.314345 0.315889 0.313843 0.316914 0.327315 0.32695 0.327338 0.327368 0.326661 0.314912 0.316505 0.315837 0.315506 0.315718 0.327842 0.328226 0.329758 0.328683 0.326117 0.316539 0.317546 0.318584 0.317218 0.314981 0.31815 0.3128 0.313911 0.311694 0.315492 0.31202 0.327347 0.327749 0.32755 0.327028 0.327466 0.372577 0.334855 0.32631 0.337768 0.338105 0.332523 0.325951 0.3179 0.326545 0.319224 0.310395 0.312675 0.316416 0.313446 0.310776 0.315708 0.309577 0.318817 0.315076 0.312933 0.315469 0.31946 0.314983 0.316554 0.320951 0.329517 0.330525 0.330263 0.329231 0.328144 0.357722 0.313211 0.264205 0.328489 0.356684 0.313894 0.366102 0.359997 0.32994 0.32497 0.330934 0.316314 0.373319 0.349753 0.315836 0.373572 0.347481 0.329201 0.331571 0.331031 0.330332 0.340718 0.329034 0.328401 0.327819 0.329896 0.328323 0.331328 0.329304 0.329059 0.359769 0.367405 0.331054 0.366227 0.366241 0.326811 0.330457 0.318199 0.329423 0.310123 0.3663 0.254218 0.332419 0.312796 0.27588 0.359881 0.349213 0.346548 0.280018 0.327926 0.36074 0.357149 0.330865 0.313615 0.269106 0.331272 0.372531 0.330811 
KSP106 0.359117 0.332761 0.328309 0.326069 0.334318 0.316945 0.360877 0.37213 0.336275 0.375593 0.272514 0.334338 0.364312 0.27882 0.280839 0.284881 0.281171 0.280602 0.28233 0.285092 0.264103 0.268154 0 0.26414 0.265816 0.284084 0.286124 0.285783 0.284277 0.286234 0.280524 0.278451 0.279712 0.27824 0.279372 0.284458 0.277547 0.283467 0.356867 0.354869 0.327052 0.312807 0.316845 0.313839 0.31457 0.314946 0.314634 0.316922 0.326719 0.325024 0.326612 0.32703 0.325489 0.316683 0.314128 0.316297 0.313487 0.316351 0.32581 0.326614 0.327038 0.326931 0.327246 0.313942 0.314173 0.315452 0.315721 0.316978 0.328468 0.328521 0.33045 0.327823 0.327673 0.316951 0.318592 0.31905 0.318271 0.31494 0.317566 0.311717 0.31242 0.312204 0.314937 0.31234 0.326596 0.327755 0.32757 0.327368 0.32805 0.372052 0.334432 0.325165 0.337453 0.33849 0.334071 0.32703 0.317438 0.3273 0.318774 0.309288 0.312225 0.314764 0.313157 0.311094 0.313418 0.31013 0.319023 0.315968 0.310131 0.315667 0.318289 0.314609 0.316116 0.322136 0.329464 0.330191 0.32958 0.329946 0.327335 0.357552 0.312755 0.269076 0.329431 0.356007 0.313251 0.366365 0.36125 0.330852 0.32521 0.33041 0.315854 0.372945 0.349455 0.314843 0.372343 0.345358 0.330066 0.330776 0.330921 0.330437 0.339621 0.329005 0.329338 0.328545 0.330253 0.329361 0.329852 0.327395 0.329693 0.360391 0.368178 0.332317 0.367476 0.367399 0.327432 0.329978 0.318138 0.330774 0.310161 0.367287 0.267927 0.332933 0.312132 0.276546 0.361087 0.348616 0.345999 0.281393 0.328174 0.36045 0.356858 0.331541 0.312567 0.2632 0.331678 0.371542 0.331752 
KSP111 0.359272 0.331864 0.327611 0.325583 0.335458 0.316237 0.35937 0.3718 0.335735 0.376356 0.268284 0.333727 0.364254 0.276432 0.279881 0.28456 0.278175 0.278986 0.281008 0.285426 0.261078 0.264437 0.26414 0 0.265513 0.283705 0.283363 0.287237 0.283395 0.284075 0.278238 0.277543 0.277163 0.275963 0.279228 0.282246 0.277309 0.28154 0.356087 0.354796 0.32697 0.313482 0.313449 0.312814 0.314671 0.314206 0.313921 0.315922 0.326779 0.325709 0.32536 0.325952 0.325172 0.315985 0.313279 0.316408 0.312983 0.315282 0.325815 0.326946 0.325541 0.327458 0.326394 0.312864 0.313512 0.314498 0.315259 0.314749 0.326484 0.327851 0.330905 0.328302 0.326583 0.316155 0.316898 0.318138 0.317712 0.314255 0.315199 0.310937 0.313181 0.30965 0.313672 0.311069 0.326062 0.326762 0.326023 0.327226 0.326787 0.373421 0.33578 0.323646 0.337845 0.337897 0.331821 0.324361 0.3167 0.326742 0.318622 0.308442 0.312785 0.31389 0.311359 0.309376 0.313164 0.308871 0.319231 0.316719 0.312139 0.315484 0.316938 0.314773 0.314708 0.319639 0.328147 0.329356 0.329217 0.329138 0.327573 0.356596 0.313556 0.264128 0.329002 0.356215 0.312773 0.36646 0.360932 0.33052 0.324582 0.330289 0.314921 0.373283 0.349289 0.315013 0.372725 0.346666 0.329393 0.331449 0.330153 0.329863 0.340487 0.328088 0.328464 0.328154 0.32917 0.327633 0.329988 0.327676 0.327772 0.360882 0.36792 0.330824 0.367152 0.366958 0.327001 0.327845 0.31635 0.329364 0.308731 0.366745 0.264406 0.332263 0.311409 0.275954 0.359787 0.34939 0.347083 0.27944 0.328776 0.360527 0.355897 0.329872 0.311639 0.264406 0.330574 0.372656 0.330319 
